51556 	 45.019
51557 	 46.584
51558 	 47.652
51559 	 48.551
51560 	 49.428
51561 	 50.704
51562 	 52.041
51563 	 53.163
51564 	 54.297
51565 	 55.145
51566 	 55.844
51567 	 56.264
51568 	 56.538
51569 	 56.6
51570 	 56.911
51571 	 57.432
51572 	 57.244
51573 	 56.96
51574 	 56.972
51575 	 56.99
51576 	 57.184
51577 	 57.629
51578 	 58.248
51579 	 58.98
51580 	 59.991
51581 	 61.145
51582 	 62.204
51583 	 63.5
51584 	 64.867
51585 	 65.953
51586 	 66.402
51587 	 66.212
51588 	 66.047
51589 	 65.976
51590 	 66.612
51591 	 67.406
51592 	 68.119
51593 	 68.547
51594 	 69.06
51595 	 69.323
51596 	 69.109
51597 	 68.886
51598 	 68.517
51599 	 67.957
51600 	 67.429
51601 	 67.02
51602 	 66.583
51603 	 66.512
51604 	 66.345
51605 	 66.499
51606 	 67.093
51607 	 67.859
51608 	 67.994
51609 	 68.076
51610 	 68.51
51611 	 68.897
51612 	 69.186
51613 	 70.155
51614 	 71.688
51615 	 73.143
51616 	 74.031
51617 	 74.604
51618 	 74.769
51619 	 74.915
51620 	 74.698
51621 	 74.26
51622 	 73.971
51623 	 73.725
51624 	 73.931
51625 	 74.115
51626 	 74.035
51627 	 74.094
51628 	 73.861
51629 	 73.468
51630 	 73.137
51631 	 72.83
51632 	 72.618
51633 	 73.356
51634 	 74.464
51635 	 75.34
51636 	 75.735
51637 	 76.482
51638 	 77.226
51639 	 77.189
51640 	 77.024
51641 	 77.278
51642 	 77.731
51643 	 77.798
51644 	 78.076
51645 	 79.111
51646 	 80.331
51647 	 81.472
51648 	 82.121
51649 	 82.048
51650 	 82.16
51651 	 82.314
51652 	 82.532
51653 	 82.328
51654 	 82.356
51655 	 82.627
51656 	 82.55
51657 	 82.778
51658 	 83.355
51659 	 84.119
51660 	 84.972
51661 	 85.832
51662 	 86.614
51663 	 87.428
51664 	 88.32
51665 	 89.16
51666 	 89.619
51667 	 90.108
51668 	 89.97
51669 	 89.517
51670 	 89.168
51671 	 88.61
51672 	 87.91
51673 	 87.538
51674 	 87.301
51675 	 87.345
51676 	 88.037
51677 	 88.864
51678 	 89.523
51679 	 90.082
51680 	 90.67
51681 	 90.943
51682 	 91.505
51683 	 92.249
51684 	 93.309
51685 	 94.143
51686 	 94.656
51687 	 94.718
51688 	 94.792
51689 	 95.375
51690 	 96.124
51691 	 97.346
51692 	 98.911
51693 	 100.783
51694 	 102.45
51695 	 103.803
51696 	 105.113
51697 	 106.412
51698 	 107.8
51699 	 108.84
51700 	 109.845
51701 	 111.019
51702 	 111.955
51703 	 112.636
51704 	 112.602
51705 	 112.488
51706 	 112.664
51707 	 113.214
51708 	 113.522
51709 	 113.693
51710 	 113.849
51711 	 113.217
51712 	 112.244
51713 	 111.057
51714 	 109.902
51715 	 108.857
51716 	 108.158
51717 	 107.765
51718 	 107.582
51719 	 107.854
51720 	 108.234
51721 	 108.59
51722 	 109.021
51723 	 109.571
51724 	 110.187
51725 	 110.329
51726 	 110.239
51727 	 110.106
51728 	 109.621
51729 	 109.086
51730 	 108.261
51731 	 107.371
51732 	 106.97
51733 	 106.981
51734 	 106.417
51735 	 105.561
51736 	 104.447
51737 	 103.671
51738 	 102.946
51739 	 102.245
51740 	 101.308
51741 	 100.084
51742 	 99.269
51743 	 98.336
51744 	 97.105
51745 	 96.05
51746 	 94.886
51747 	 93.481
51748 	 92.04
51749 	 91.253
51750 	 90.781
51751 	 90.438
51752 	 90.29
51753 	 89.95
51754 	 89.06
51755 	 88.355
51756 	 87.599
51757 	 86.972
51758 	 86.351
51759 	 85.922
51760 	 85.375
51761 	 84.659
51762 	 83.947
51763 	 83.269
51764 	 82.358
51765 	 81.26
51766 	 80.084
51767 	 78.274
51768 	 76.59
51769 	 74.991
51770 	 73.597
51771 	 72.564
51772 	 71.989
51773 	 71.351
51774 	 70.444
51775 	 69.204
51776 	 67.54
51777 	 65.964
51778 	 63.894
51779 	 62.095
51780 	 60.583
51781 	 59.125
51782 	 57.446
51783 	 55.606
51784 	 53.815
51785 	 52.284
51786 	 51.227
51787 	 50.094
51788 	 49.149
51789 	 47.956
51790 	 46.791
51791 	 45.267
51792 	 43.388
51793 	 41.473
51794 	 39.014
51795 	 36.693
51796 	 34.228
51797 	 31.784
51798 	 29.885
51799 	 27.876
51800 	 25.274
51801 	 22.086
51802 	 19.134
51803 	 16.783
51804 	 15.191
51805 	 13.685
51806 	 12.39
51807 	 10.673
51808 	 8.863
51809 	 6.863
51810 	 5.365
51811 	 4.159
51812 	 2.97
51813 	 1.745
51814 	 0.719
51815 	 -0.55
51816 	 -2.26
51817 	 -4.3
51818 	 -5.834
51819 	 -7.143
51820 	 -9.083
51821 	 -11.243
51822 	 -13.099
51823 	 -14.65
51824 	 -16.103
51825 	 -17.586
51826 	 -19.009
51827 	 -20.528
51828 	 -21.815
51829 	 -22.87
51830 	 -24.222
51831 	 -26.177
51832 	 -28.172
51833 	 -30.374
51834 	 -32.251
51835 	 -33.909
51836 	 -35.688
51837 	 -37.464
51838 	 -39.128
51839 	 -40.589
51840 	 -42.007
51841 	 -43.341
51842 	 -44.253
51843 	 -45.55
51844 	 -46.939
51845 	 -48.327
51846 	 -49.265
51847 	 -50.052
51848 	 -51.094
51849 	 -52.417
51850 	 -53.694
51851 	 -55.164
51852 	 -56.481
51853 	 -57.678
51854 	 -59.21
51855 	 -60.754
51856 	 -62.173
51857 	 -63.771
51858 	 -65.175
51859 	 -66.122
51860 	 -66.267
51861 	 -66.359
51862 	 -67.272
51863 	 -69.108
51864 	 -71.235
51865 	 -73.178
51866 	 -74.827
51867 	 -75.726
51868 	 -75.931
51869 	 -75.827
51870 	 -75.821
51871 	 -76.148
51872 	 -76.556
51873 	 -77.094
51874 	 -77.702
51875 	 -78.454
51876 	 -79.116
51877 	 -79.303
51878 	 -79.567
51879 	 -80.088
51880 	 -80.678
51881 	 -80.846
51882 	 -80.899
51883 	 -81.176
51884 	 -81.761
51885 	 -82.31
51886 	 -82.802
51887 	 -83.382
51888 	 -83.754
51889 	 -83.843
51890 	 -83.646
51891 	 -82.664
51892 	 -81.393
51893 	 -80.135
51894 	 -79.024
51895 	 -78.067
51896 	 -77.727
51897 	 -78.19
51898 	 -78.619
51899 	 -78.763
51900 	 -78.429
51901 	 -77.978
51902 	 -77.583
51903 	 -77.083
51904 	 -76.528
51905 	 -76.299
51906 	 -76.091
51907 	 -75.46
51908 	 -74.894
51909 	 -74.242
51910 	 -73.506
51911 	 -72.651
51912 	 -71.557
51913 	 -71.024
51914 	 -70.723
51915 	 -70.378
51916 	 -70.068
51917 	 -70.205
51918 	 -70.22
51919 	 -69.861
51920 	 -69.33
51921 	 -68.456
51922 	 -67.463
51923 	 -66.479
51924 	 -65.406
51925 	 -63.999
51926 	 -62.602
51927 	 -61.434
51928 	 -60.301
51929 	 -59.175
51930 	 -58.122
51931 	 -56.745
51932 	 -55.378
51933 	 -54.038
51934 	 -52.227
51935 	 -50.435
51936 	 -49.13
51937 	 -47.602
51938 	 -45.537
51939 	 -43.66
51940 	 -42.067
51941 	 -40.683
51942 	 -39.012
51943 	 -37.722
51944 	 -36.102
51945 	 -34.057
51946 	 -32.137
51947 	 -30.357
51948 	 -28.446
51949 	 -26.509
51950 	 -24.658
51951 	 -23.316
51952 	 -22.418
51953 	 -20.876
51954 	 -19.291
51955 	 -17.628
51956 	 -15.912
51957 	 -14.004
51958 	 -12.265
51959 	 -10.537
51960 	 -8.328
51961 	 -5.562
51962 	 -2.336
51963 	 1.092
51964 	 4.163
51965 	 6.92
51966 	 9.549
51967 	 12.074
51968 	 14.486
51969 	 16.313
51970 	 17.274
51971 	 18.462
51972 	 20.361
51973 	 22.732
51974 	 24.518
51975 	 26.429
51976 	 28.751
51977 	 31.152
51978 	 33.442
51979 	 35.591
51980 	 38.016
51981 	 40.989
51982 	 43.953
51983 	 46.52
51984 	 48.698
51985 	 51.018
51986 	 53.561
51987 	 56.342
51988 	 59.115
51989 	 61.695
51990 	 64.563
51991 	 67.364
51992 	 70.242
51993 	 73.398
51994 	 76.419
51995 	 79.267
51996 	 81.786
51997 	 84.074
51998 	 86.376
51999 	 88.668
52000 	 90.643
52001 	 92.716
52002 	 94.782
52003 	 96.877
52004 	 99.092
52005 	 101.546
52006 	 104.351
52007 	 106.806
52008 	 108.467
52009 	 110.425
52010 	 112.921
52011 	 115.958
52012 	 118.655
52013 	 120.964
52014 	 123.701
52015 	 126.518
52016 	 129.622
52017 	 132.967
52018 	 136.337
52019 	 139.524
52020 	 142.401
52021 	 145.0
52022 	 147.438
52023 	 149.332
52024 	 151.074
52025 	 153.489
52026 	 155.87
52027 	 157.884
52028 	 159.634
52029 	 161.412
52030 	 163.343
52031 	 165.079
52032 	 167.137
52033 	 169.543
52034 	 171.788
52035 	 173.647
52036 	 175.636
52037 	 178.388
52038 	 181.22
52039 	 183.898
52040 	 186.538
52041 	 189.232
52042 	 191.478
52043 	 193.353
52044 	 194.973
52045 	 196.751
52046 	 198.595
52047 	 200.834
52048 	 203.269
52049 	 205.242
52050 	 206.96
52051 	 208.906
52052 	 210.576
52053 	 211.964
52054 	 213.367
52055 	 214.68
52056 	 215.948
52057 	 217.314
52058 	 219.027
52059 	 221.009
52060 	 222.944
52061 	 224.506
52062 	 225.875
52063 	 227.305
52064 	 228.72
52065 	 230.509
52066 	 232.448
52067 	 234.496
52068 	 236.517
52069 	 238.041
52070 	 239.209
52071 	 240.213
52072 	 241.027
52073 	 241.976
52074 	 243.189
52075 	 244.846
52076 	 246.391
52077 	 247.403
52078 	 248.324
52079 	 248.674
52080 	 248.367
52081 	 248.326
52082 	 248.492
52083 	 248.675
52084 	 248.947
52085 	 249.502
52086 	 250.523
52087 	 251.375
52088 	 252.063
52089 	 252.398
52090 	 253.036
52091 	 253.874
52092 	 254.062
52093 	 253.784
52094 	 254.22
52095 	 254.38
52096 	 253.881
52097 	 253.621
52098 	 252.721
52099 	 251.604
52100 	 251.676
52101 	 251.979
52102 	 251.517
52103 	 250.912
52104 	 250.408
52105 	 249.418
52106 	 248.423
52107 	 247.91
52108 	 247.977
52109 	 247.914
52110 	 247.667
52111 	 247.147
52112 	 246.325
52113 	 245.26
52114 	 244.24
52115 	 243.601
52116 	 243.047
52117 	 242.083
52118 	 240.732
52119 	 239.023
52120 	 237.221
52121 	 235.788
52122 	 234.811
52123 	 233.408
52124 	 231.042
52125 	 228.146
52126 	 225.844
52127 	 223.85
52128 	 221.856
52129 	 219.727
52130 	 217.154
52131 	 214.324
52132 	 211.25
52133 	 208.368
52134 	 206.012
52135 	 203.716
52136 	 201.26
52137 	 198.498
52138 	 196.016
52139 	 193.439
52140 	 190.971
52141 	 188.837
52142 	 186.538
52143 	 183.992
52144 	 181.165
52145 	 178.63
52146 	 176.42
52147 	 174.467
52148 	 172.442
52149 	 170.564
52150 	 168.399
52151 	 166.078
52152 	 163.367
52153 	 160.267
52154 	 157.128
52155 	 153.938
52156 	 150.885
52157 	 147.63
52158 	 144.428
52159 	 141.802
52160 	 139.45
52161 	 137.251
52162 	 134.864
52163 	 132.093
52164 	 128.825
52165 	 125.793
52166 	 122.506
52167 	 118.894
52168 	 115.057
52169 	 111.659
52170 	 108.287
52171 	 104.669
52172 	 101.253
52173 	 97.825
52174 	 94.443
52175 	 91.408
52176 	 88.58
52177 	 85.561
52178 	 82.376
52179 	 78.988
52180 	 75.369
52181 	 71.758
52182 	 68.681
52183 	 65.487
52184 	 61.719
52185 	 57.809
52186 	 54.796
52187 	 52.116
52188 	 49.011
52189 	 46.0
52190 	 43.151
52191 	 39.906
52192 	 36.279
52193 	 31.894
52194 	 27.433
52195 	 23.005
52196 	 19.309
52197 	 15.882
52198 	 12.768
52199 	 9.838
52200 	 6.773
52201 	 3.162
52202 	 -0.601
52203 	 -4.479
52204 	 -8.558
52205 	 -12.659
52206 	 -16.547
52207 	 -20.134
52208 	 -23.53
52209 	 -27.001
52210 	 -30.409
52211 	 -33.434
52212 	 -36.454
52213 	 -39.629
52214 	 -42.955
52215 	 -46.575
52216 	 -50.455
52217 	 -54.051
52218 	 -56.982
52219 	 -59.34
52220 	 -61.688
52221 	 -63.544
52222 	 -65.42
52223 	 -67.853
52224 	 -69.965
52225 	 -71.446
52226 	 -73.233
52227 	 -75.32
52228 	 -77.874
52229 	 -80.514
52230 	 -82.64
52231 	 -84.487
52232 	 -86.579
52233 	 -88.882
52234 	 -91.579
52235 	 -94.433
52236 	 -97.344
52237 	 -100.633
52238 	 -103.663
52239 	 -106.091
52240 	 -108.071
52241 	 -110.143
52242 	 -112.485
52243 	 -115.251
52244 	 -118.395
52245 	 -121.719
52246 	 -124.545
52247 	 -127.137
52248 	 -129.471
52249 	 -131.684
52250 	 -134.438
52251 	 -137.742
52252 	 -141.044
52253 	 -143.805
52254 	 -146.679
52255 	 -149.828
52256 	 -152.747
52257 	 -155.174
52258 	 -157.768
52259 	 -160.003
52260 	 -161.96
52261 	 -163.863
52262 	 -165.888
52263 	 -167.906
52264 	 -169.257
52265 	 -170.277
52266 	 -171.403
52267 	 -172.094
52268 	 -172.623
52269 	 -173.033
52270 	 -173.475
52271 	 -174.635
52272 	 -175.382
52273 	 -175.973
52274 	 -176.684
52275 	 -176.989
52276 	 -177.457
52277 	 -178.403
52278 	 -179.041
52279 	 -179.568
52280 	 -179.987
52281 	 -180.604
52282 	 -181.644
52283 	 -182.807
52284 	 -183.132
52285 	 -182.964
52286 	 -182.737
52287 	 -182.301
52288 	 -181.602
52289 	 -181.285
52290 	 -180.625
52291 	 -179.8
52292 	 -179.301
52293 	 -178.714
52294 	 -178.37
52295 	 -178.142
52296 	 -177.729
52297 	 -177.025
52298 	 -176.533
52299 	 -175.801
52300 	 -174.992
52301 	 -174.353
52302 	 -173.541
52303 	 -172.972
52304 	 -172.248
52305 	 -170.789
52306 	 -168.917
52307 	 -167.365
52308 	 -166.402
52309 	 -165.582
52310 	 -164.323
52311 	 -163.218
52312 	 -162.222
52313 	 -161.212
52314 	 -159.853
52315 	 -157.926
52316 	 -155.958
52317 	 -154.384
52318 	 -153.205
52319 	 -152.516
52320 	 -151.526
52321 	 -150.118
52322 	 -148.52
52323 	 -146.688
52324 	 -145.224
52325 	 -143.755
52326 	 -141.967
52327 	 -140.221
52328 	 -138.469
52329 	 -136.625
52330 	 -134.147
52331 	 -131.005
52332 	 -128.321
52333 	 -125.98
52334 	 -123.412
52335 	 -120.63
52336 	 -118.406
52337 	 -116.623
52338 	 -114.487
52339 	 -111.91
52340 	 -108.778
52341 	 -105.577
52342 	 -102.26
52343 	 -99.104
52344 	 -96.798
52345 	 -94.99
52346 	 -92.791
52347 	 -90.172
52348 	 -87.65
52349 	 -84.921
52350 	 -81.853
52351 	 -78.647
52352 	 -75.615
52353 	 -72.546
52354 	 -69.3
52355 	 -65.768
52356 	 -62.32
52357 	 -58.847
52358 	 -55.204
52359 	 -51.4
52360 	 -47.859
52361 	 -44.859
52362 	 -41.763
52363 	 -38.212
52364 	 -34.506
52365 	 -30.744
52366 	 -26.972
52367 	 -22.961
52368 	 -18.867
52369 	 -14.798
52370 	 -11.554
52371 	 -8.701
52372 	 -6.114
52373 	 -3.795
52374 	 -1.836
52375 	 0.499
52376 	 3.769
52377 	 6.763
52378 	 9.897
52379 	 12.969
52380 	 15.611
52381 	 18.794
52382 	 22.181
52383 	 25.478
52384 	 29.049
52385 	 32.011
52386 	 34.855
52387 	 37.785
52388 	 41.22
52389 	 44.829
52390 	 48.749
52391 	 52.499
52392 	 56.245
52393 	 59.916
52394 	 63.505
52395 	 66.837
52396 	 69.948
52397 	 73.367
52398 	 76.81
52399 	 80.67
52400 	 84.691
52401 	 88.606
52402 	 91.564
52403 	 94.161
52404 	 97.776
52405 	 101.178
52406 	 103.904
52407 	 106.812
52408 	 109.76
52409 	 112.084
52410 	 114.12
52411 	 116.371
52412 	 119.062
52413 	 121.941
52414 	 125.158
52415 	 128.548
52416 	 131.246
52417 	 133.621
52418 	 135.951
52419 	 138.156
52420 	 140.476
52421 	 143.13
52422 	 146.194
52423 	 149.09
52424 	 151.879
52425 	 154.727
52426 	 157.315
52427 	 159.825
52428 	 162.454
52429 	 165.191
52430 	 168.363
52431 	 171.408
52432 	 174.535
52433 	 177.659
52434 	 180.734
52435 	 183.619
52436 	 186.15
52437 	 188.443
52438 	 190.718
52439 	 193.215
52440 	 195.855
52441 	 199.113
52442 	 202.368
52443 	 204.951
52444 	 207.457
52445 	 210.298
52446 	 212.701
52447 	 214.64
52448 	 216.612
52449 	 218.292
52450 	 219.538
52451 	 220.825
52452 	 222.501
52453 	 224.487
52454 	 226.027
52455 	 227.156
52456 	 228.113
52457 	 228.853
52458 	 229.539
52459 	 229.947
52460 	 230.338
52461 	 230.733
52462 	 231.49
52463 	 232.404
52464 	 233.026
52465 	 233.976
52466 	 235.381
52467 	 236.822
52468 	 238.125
52469 	 239.21
52470 	 240.273
52471 	 241.173
52472 	 241.869
52473 	 242.939
52474 	 243.973
52475 	 244.356
52476 	 244.728
52477 	 245.497
52478 	 246.28
52479 	 246.715
52480 	 247.003
52481 	 246.932
52482 	 246.778
52483 	 247.126
52484 	 247.572
52485 	 248.397
52486 	 249.777
52487 	 251.309
52488 	 252.295
52489 	 252.917
52490 	 253.955
52491 	 255.019
52492 	 255.699
52493 	 256.712
52494 	 257.95
52495 	 259.031
52496 	 260.005
52497 	 260.529
52498 	 260.53
52499 	 260.701
52500 	 260.889
52501 	 260.808
52502 	 260.597
52503 	 260.3
52504 	 259.745
52505 	 259.169
52506 	 258.501
52507 	 257.852
52508 	 257.215
52509 	 256.721
52510 	 256.32
52511 	 255.507
52512 	 254.848
52513 	 254.554
52514 	 254.525
52515 	 254.605
52516 	 254.164
52517 	 253.597
52518 	 252.821
52519 	 251.657
52520 	 250.006
52521 	 249.046
52522 	 248.301
52523 	 247.499
52524 	 246.305
52525 	 244.708
52526 	 242.815
52527 	 240.979
52528 	 239.335
52529 	 237.488
52530 	 235.829
52531 	 234.21
52532 	 232.915
52533 	 231.803
52534 	 230.233
52535 	 228.071
52536 	 225.427
52537 	 222.387
52538 	 219.379
52539 	 216.67
52540 	 214.367
52541 	 212.302
52542 	 210.524
52543 	 208.813
52544 	 206.83
52545 	 204.789
52546 	 202.712
52547 	 200.623
52548 	 198.44
52549 	 196.606
52550 	 194.707
52551 	 192.572
52552 	 189.948
52553 	 187.277
52554 	 185.037
52555 	 182.51
52556 	 180.045
52557 	 178.012
52558 	 175.571
52559 	 173.134
52560 	 171.017
52561 	 168.562
52562 	 165.847
52563 	 163.462
52564 	 161.23
52565 	 158.414
52566 	 154.602
52567 	 150.335
52568 	 146.48
52569 	 143.185
52570 	 139.949
52571 	 136.713
52572 	 133.08
52573 	 129.476
52574 	 125.891
52575 	 122.291
52576 	 118.927
52577 	 115.481
52578 	 111.594
52579 	 107.583
52580 	 103.502
52581 	 99.891
52582 	 96.541
52583 	 92.819
52584 	 88.866
52585 	 84.801
52586 	 80.743
52587 	 76.685
52588 	 72.831
52589 	 69.194
52590 	 65.876
52591 	 62.939
52592 	 60.1
52593 	 56.427
52594 	 53.035
52595 	 49.796
52596 	 46.28
52597 	 42.772
52598 	 39.028
52599 	 35.598
52600 	 32.513
52601 	 29.552
52602 	 26.266
52603 	 23.057
52604 	 20.427
52605 	 17.829
52606 	 14.661
52607 	 11.113
52608 	 7.556
52609 	 4.159
52610 	 0.966
52611 	 -2.085
52612 	 -5.116
52613 	 -8.461
52614 	 -12.365
52615 	 -16.697
52616 	 -21.004
52617 	 -24.296
52618 	 -27.076
52619 	 -30.031
52620 	 -32.871
52621 	 -36.315
52622 	 -40.037
52623 	 -44.181
52624 	 -48.147
52625 	 -51.643
52626 	 -54.589
52627 	 -56.962
52628 	 -59.105
52629 	 -61.535
52630 	 -64.272
52631 	 -66.804
52632 	 -69.022
52633 	 -71.585
52634 	 -74.238
52635 	 -76.449
52636 	 -78.717
52637 	 -81.128
52638 	 -83.466
52639 	 -85.605
52640 	 -88.403
52641 	 -91.526
52642 	 -94.47
52643 	 -97.576
52644 	 -100.656
52645 	 -103.554
52646 	 -105.967
52647 	 -108.585
52648 	 -111.103
52649 	 -113.163
52650 	 -115.24
52651 	 -117.285
52652 	 -119.012
52653 	 -120.363
52654 	 -121.697
52655 	 -122.929
52656 	 -124.238
52657 	 -126.095
52658 	 -127.695
52659 	 -128.82
52660 	 -129.901
52661 	 -130.921
52662 	 -132.153
52663 	 -133.562
52664 	 -135.112
52665 	 -136.86
52666 	 -138.17
52667 	 -139.063
52668 	 -139.362
52669 	 -139.317
52670 	 -139.771
52671 	 -141.099
52672 	 -142.574
52673 	 -144.077
52674 	 -145.329
52675 	 -146.065
52676 	 -147.291
52677 	 -148.324
52678 	 -149.527
52679 	 -151.289
52680 	 -152.964
52681 	 -154.288
52682 	 -155.415
52683 	 -155.947
52684 	 -156.243
52685 	 -156.352
52686 	 -156.356
52687 	 -155.738
52688 	 -155.179
52689 	 -154.897
52690 	 -154.595
52691 	 -155.056
52692 	 -155.489
52693 	 -155.458
52694 	 -155.05
52695 	 -154.607
52696 	 -154.535
52697 	 -154.696
52698 	 -154.353
52699 	 -153.849
52700 	 -153.096
52701 	 -152.721
52702 	 -153.024
52703 	 -153.356
52704 	 -153.744
52705 	 -154.117
52706 	 -154.519
52707 	 -154.8
52708 	 -154.791
52709 	 -155.56
52710 	 -156.47
52711 	 -157.077
52712 	 -157.462
52713 	 -157.201
52714 	 -156.933
52715 	 -156.71
52716 	 -156.037
52717 	 -154.945
52718 	 -153.782
52719 	 -153.126
52720 	 -152.313
52721 	 -151.514
52722 	 -150.569
52723 	 -149.108
52724 	 -147.594
52725 	 -145.818
52726 	 -143.39
52727 	 -140.614
52728 	 -137.753
52729 	 -135.312
52730 	 -133.278
52731 	 -131.283
52732 	 -129.062
52733 	 -127.01
52734 	 -124.693
52735 	 -122.107
52736 	 -119.732
52737 	 -117.65
52738 	 -116.085
52739 	 -114.728
52740 	 -113.336
52741 	 -111.454
52742 	 -109.355
52743 	 -107.142
52744 	 -105.275
52745 	 -103.926
52746 	 -102.324
52747 	 -100.367
52748 	 -98.132
52749 	 -95.481
52750 	 -93.075
52751 	 -90.732
52752 	 -88.64
52753 	 -86.04
52754 	 -82.786
52755 	 -79.982
52756 	 -77.659
52757 	 -75.235
52758 	 -72.945
52759 	 -70.445
52760 	 -66.975
52761 	 -63.131
52762 	 -59.45
52763 	 -56.097
52764 	 -53.251
52765 	 -50.19
52766 	 -47.203
52767 	 -44.674
52768 	 -42.14
52769 	 -39.675
52770 	 -37.708
52771 	 -36.05
52772 	 -34.497
52773 	 -32.631
52774 	 -30.467
52775 	 -28.221
52776 	 -25.92
52777 	 -23.65
52778 	 -21.383
52779 	 -18.647
52780 	 -15.466
52781 	 -12.505
52782 	 -9.823
52783 	 -7.001
52784 	 -4.038
52785 	 -1.013
52786 	 2.399
52787 	 5.897
52788 	 9.385
52789 	 12.554
52790 	 15.654
52791 	 18.457
52792 	 21.33
52793 	 24.3
52794 	 27.743
52795 	 31.567
52796 	 35.059
52797 	 38.191
52798 	 41.359
52799 	 44.795
52800 	 48.331
52801 	 51.775
52802 	 55.242
52803 	 58.733
52804 	 62.057
52805 	 65.804
52806 	 69.706
52807 	 74.065
52808 	 78.586
52809 	 83.051
52810 	 87.774
52811 	 92.038
52812 	 95.892
52813 	 99.87
52814 	 103.545
52815 	 107.288
52816 	 110.945
52817 	 114.76
52818 	 118.644
52819 	 122.644
52820 	 126.832
52821 	 130.52
52822 	 134.007
52823 	 137.022
52824 	 139.941
52825 	 143.11
52826 	 146.587
52827 	 149.618
52828 	 153.1
52829 	 156.681
52830 	 160.541
52831 	 164.078
52832 	 167.614
52833 	 170.683
52834 	 173.194
52835 	 175.676
52836 	 178.211
52837 	 180.996
52838 	 183.577
52839 	 186.328
52840 	 189.402
52841 	 192.07
52842 	 194.352
52843 	 197.199
52844 	 200.047
52845 	 202.558
52846 	 204.779
52847 	 206.853
52848 	 208.982
52849 	 211.282
52850 	 213.78
52851 	 216.563
52852 	 219.232
52853 	 221.546
52854 	 223.049
52855 	 224.816
52856 	 226.391
52857 	 228.148
52858 	 230.14
52859 	 232.229
52860 	 234.048
52861 	 235.92
52862 	 237.711
52863 	 239.586
52864 	 241.357
52865 	 243.114
52866 	 244.711
52867 	 245.953
52868 	 247.564
52869 	 249.161
52870 	 250.634
52871 	 252.296
52872 	 253.81
52873 	 255.078
52874 	 255.893
52875 	 256.967
52876 	 258.269
52877 	 259.38
52878 	 260.081
52879 	 261.206
52880 	 262.387
52881 	 263.379
52882 	 264.482
52883 	 265.362
52884 	 265.674
52885 	 265.422
52886 	 265.394
52887 	 265.283
52888 	 265.171
52889 	 265.081
52890 	 264.97
52891 	 264.717
52892 	 264.446
52893 	 264.748
52894 	 264.508
52895 	 264.228
52896 	 264.263
52897 	 264.293
52898 	 264.182
52899 	 264.031
52900 	 263.977
52901 	 263.777
52902 	 263.071
52903 	 262.433
52904 	 262.577
52905 	 262.639
52906 	 261.914
52907 	 260.937
52908 	 259.978
52909 	 259.551
52910 	 259.436
52911 	 259.225
52912 	 259.156
52913 	 258.508
52914 	 257.4
52915 	 256.216
52916 	 254.948
52917 	 253.569
52918 	 252.292
52919 	 250.89
52920 	 249.648
52921 	 248.038
52922 	 246.586
52923 	 244.496
52924 	 242.033
52925 	 239.81
52926 	 237.737
52927 	 235.765
52928 	 233.923
52929 	 231.82
52930 	 229.815
52931 	 227.937
52932 	 226.04
52933 	 223.989
52934 	 221.916
52935 	 220.142
52936 	 219.261
52937 	 218.579
52938 	 218.212
52939 	 217.205
52940 	 215.503
52941 	 213.703
52942 	 212.472
52943 	 211.123
52944 	 209.279
52945 	 207.286
52946 	 205.062
52947 	 202.736
52948 	 200.224
52949 	 198.195
52950 	 196.266
52951 	 194.628
52952 	 192.778
52953 	 190.337
52954 	 187.129
52955 	 184.403
52956 	 182.114
52957 	 179.798
52958 	 177.373
52959 	 175.118
52960 	 172.917
52961 	 170.056
52962 	 167.299
52963 	 164.379
52964 	 161.747
52965 	 159.437
52966 	 156.622
52967 	 153.6
52968 	 149.612
52969 	 145.206
52970 	 141.083
52971 	 137.967
52972 	 134.377
52973 	 130.384
52974 	 126.302
52975 	 123.077
52976 	 120.093
52977 	 116.969
52978 	 114.048
52979 	 111.377
52980 	 108.493
52981 	 105.42
52982 	 102.475
52983 	 99.787
52984 	 96.848
52985 	 93.398
52986 	 89.686
52987 	 86.365
52988 	 83.52
52989 	 80.602
52990 	 77.647
52991 	 74.429
52992 	 71.446
52993 	 68.896
52994 	 66.392
52995 	 63.589
52996 	 60.432
52997 	 56.666
52998 	 52.581
52999 	 48.811
53000 	 45.865
53001 	 42.906
53002 	 39.909
53003 	 36.981
53004 	 34.06
53005 	 31.182
53006 	 28.859
53007 	 26.738
53008 	 24.264
53009 	 21.611
53010 	 18.737
53011 	 15.921
53012 	 12.958
53013 	 9.999
53014 	 7.654
53015 	 5.36
53016 	 3.094
53017 	 0.858
53018 	 -1.068
53019 	 -3.298
53020 	 -5.42
53021 	 -7.586
53022 	 -10.106
53023 	 -13.276
53024 	 -16.222
53025 	 -18.729
53026 	 -21.135
53027 	 -23.886
53028 	 -26.364
53029 	 -27.934
53030 	 -29.14
53031 	 -30.156
53032 	 -31.525
53033 	 -33.402
53034 	 -35.828
53035 	 -38.902
53036 	 -42.09
53037 	 -44.907
53038 	 -47.984
53039 	 -51.244
53040 	 -54.25
53041 	 -56.601
53042 	 -58.876
53043 	 -60.564
53044 	 -62.459
53045 	 -64.814
53046 	 -67.581
53047 	 -70.72
53048 	 -73.714
53049 	 -76.768
53050 	 -79.61
53051 	 -81.53
53052 	 -82.966
53053 	 -84.124
53054 	 -86.414
53055 	 -89.868
53056 	 -93.077
53057 	 -95.745
53058 	 -97.946
53059 	 -99.966
53060 	 -101.269
53061 	 -102.528
53062 	 -103.83
53063 	 -105.962
53064 	 -108.374
53065 	 -110.549
53066 	 -112.345
53067 	 -113.935
53068 	 -115.454
53069 	 -117.262
53070 	 -119.064
53071 	 -120.252
53072 	 -121.686
53073 	 -122.368
53074 	 -123.028
53075 	 -123.782
53076 	 -124.409
53077 	 -125.144
53078 	 -126.037
53079 	 -126.911
53080 	 -128.1
53081 	 -129.24
53082 	 -130.044
53083 	 -131.194
53084 	 -131.815
53085 	 -131.828
53086 	 -131.918
53087 	 -131.886
53088 	 -131.984
53089 	 -132.868
53090 	 -134.021
53091 	 -135.595
53092 	 -137.007
53093 	 -137.937
53094 	 -138.782
53095 	 -139.512
53096 	 -140.236
53097 	 -140.796
53098 	 -140.779
53099 	 -140.922
53100 	 -141.265
53101 	 -140.865
53102 	 -140.125
53103 	 -139.92
53104 	 -139.811
53105 	 -139.248
53106 	 -138.676
53107 	 -138.92
53108 	 -139.182
53109 	 -139.194
53110 	 -138.718
53111 	 -137.441
53112 	 -135.92
53113 	 -134.733
53114 	 -133.425
53115 	 -132.692
53116 	 -132.949
53117 	 -133.211
53118 	 -132.993
53119 	 -132.877
53120 	 -132.196
53121 	 -130.689
53122 	 -128.516
53123 	 -126.785
53124 	 -125.054
53125 	 -123.529
53126 	 -121.38
53127 	 -119.682
53128 	 -118.416
53129 	 -117.076
53130 	 -115.826
53131 	 -115.045
53132 	 -114.064
53133 	 -112.556
53134 	 -111.199
53135 	 -109.702
53136 	 -108.035
53137 	 -106.069
53138 	 -103.94
53139 	 -102.191
53140 	 -101.194
53141 	 -100.594
53142 	 -100.191
53143 	 -99.768
53144 	 -98.99
53145 	 -97.735
53146 	 -96.282
53147 	 -95.187
53148 	 -94.227
53149 	 -93.254
53150 	 -91.83
53151 	 -90.86
53152 	 -90.126
53153 	 -89.4
53154 	 -88.318
53155 	 -87.199
53156 	 -85.617
53157 	 -83.861
53158 	 -82.021
53159 	 -79.983
53160 	 -77.623
53161 	 -75.809
53162 	 -74.487
53163 	 -73.446
53164 	 -71.896
53165 	 -70.003
53166 	 -68.427
53167 	 -66.791
53168 	 -64.999
53169 	 -62.835
53170 	 -60.434
53171 	 -57.966
53172 	 -54.953
53173 	 -51.573
53174 	 -48.266
53175 	 -45.161
53176 	 -41.907
53177 	 -38.484
53178 	 -35.191
53179 	 -31.852
53180 	 -28.549
53181 	 -24.98
53182 	 -21.98
53183 	 -19.158
53184 	 -16.293
53185 	 -13.163
53186 	 -10.313
53187 	 -7.596
53188 	 -4.629
53189 	 -1.84
53190 	 0.447
53191 	 2.68
53192 	 5.084
53193 	 7.311
53194 	 9.446
53195 	 12.245
53196 	 15.39
53197 	 18.185
53198 	 21.493
53199 	 24.297
53200 	 26.266
53201 	 28.258
53202 	 30.232
53203 	 32.644
53204 	 35.723
53205 	 38.773
53206 	 41.349
53207 	 43.931
53208 	 46.931
53209 	 50.019
53210 	 52.965
53211 	 56.062
53212 	 59.103
53213 	 61.519
53214 	 63.977
53215 	 66.451
53216 	 68.364
53217 	 70.3
53218 	 72.757
53219 	 75.501
53220 	 78.263
53221 	 81.082
53222 	 83.87
53223 	 86.457
53224 	 88.786
53225 	 91.671
53226 	 94.81
53227 	 97.254
53228 	 99.722
53229 	 102.642
53230 	 105.709
53231 	 108.721
53232 	 111.505
53233 	 114.599
53234 	 117.236
53235 	 119.746
53236 	 121.976
53237 	 124.27
53238 	 126.489
53239 	 128.265
53240 	 130.107
53241 	 132.233
53242 	 134.378
53243 	 136.072
53244 	 138.404
53245 	 141.004
53246 	 143.657
53247 	 146.837
53248 	 149.606
53249 	 152.207
53250 	 154.856
53251 	 157.019
53252 	 159.234
53253 	 161.638
53254 	 163.72
53255 	 165.335
53256 	 167.339
53257 	 169.398
53258 	 171.667
53259 	 173.926
53260 	 176.129
53261 	 178.044
53262 	 179.674
53263 	 181.035
53264 	 182.153
53265 	 183.621
53266 	 184.953
53267 	 186.447
53268 	 187.851
53269 	 189.697
53270 	 191.665
53271 	 193.457
53272 	 194.96
53273 	 195.569
53274 	 195.765
53275 	 196.191
53276 	 197.096
53277 	 197.868
53278 	 198.093
53279 	 198.379
53280 	 198.989
53281 	 199.856
53282 	 200.679
53283 	 201.322
53284 	 201.815
53285 	 202.613
53286 	 203.156
53287 	 203.542
53288 	 203.432
53289 	 203.217
53290 	 203.389
53291 	 203.575
53292 	 203.82
53293 	 204.53
53294 	 205.392
53295 	 205.828
53296 	 206.049
53297 	 205.956
53298 	 205.88
53299 	 206.033
53300 	 206.019
53301 	 205.969
53302 	 205.493
53303 	 204.995
53304 	 205.271
53305 	 205.842
53306 	 206.671
53307 	 207.188
53308 	 207.239
53309 	 206.917
53310 	 207.261
53311 	 208.117
53312 	 208.249
53313 	 208.089
53314 	 207.723
53315 	 207.846
53316 	 207.903
53317 	 208.054
53318 	 208.041
53319 	 208.023
53320 	 207.927
53321 	 207.795
53322 	 208.037
53323 	 207.899
53324 	 207.675
53325 	 207.457
53326 	 207.18
53327 	 206.952
53328 	 206.675
53329 	 206.01
53330 	 205.616
53331 	 205.029
53332 	 204.271
53333 	 203.105
53334 	 201.776
53335 	 200.535
53336 	 199.824
53337 	 199.476
53338 	 199.221
53339 	 198.533
53340 	 197.499
53341 	 195.94
53342 	 193.964
53343 	 192.122
53344 	 190.48
53345 	 188.776
53346 	 187.374
53347 	 186.313
53348 	 184.303
53349 	 182.218
53350 	 180.311
53351 	 178.442
53352 	 176.593
53353 	 174.718
53354 	 173.165
53355 	 171.762
53356 	 170.232
53357 	 169.28
53358 	 168.686
53359 	 167.525
53360 	 165.939
53361 	 164.464
53362 	 163.037
53363 	 161.47
53364 	 159.784
53365 	 158.236
53366 	 156.367
53367 	 154.498
53368 	 152.852
53369 	 151.072
53370 	 149.967
53371 	 149.088
53372 	 148.626
53373 	 148.673
53374 	 148.433
53375 	 148.032
53376 	 146.875
53377 	 145.062
53378 	 143.407
53379 	 141.885
53380 	 139.863
53381 	 137.274
53382 	 135.134
53383 	 133.504
53384 	 131.823
53385 	 129.974
53386 	 128.598
53387 	 127.348
53388 	 125.856
53389 	 124.053
53390 	 121.576
53391 	 119.194
53392 	 117.093
53393 	 114.606
53394 	 112.378
53395 	 109.985
53396 	 107.59
53397 	 105.423
53398 	 103.223
53399 	 100.74
53400 	 97.497
53401 	 94.633
53402 	 91.946
53403 	 89.16
53404 	 86.517
53405 	 83.834
53406 	 81.471
53407 	 78.851
53408 	 76.054
53409 	 73.079
53410 	 69.978
53411 	 66.735
53412 	 64.062
53413 	 61.492
53414 	 59.239
53415 	 57.272
53416 	 54.751
53417 	 51.772
53418 	 48.485
53419 	 45.495
53420 	 42.583
53421 	 40.175
53422 	 37.676
53423 	 35.443
53424 	 33.268
53425 	 31.458
53426 	 30.356
53427 	 29.291
53428 	 27.691
53429 	 25.851
53430 	 24.087
53431 	 21.836
53432 	 19.35
53433 	 17.092
53434 	 15.138
53435 	 12.688
53436 	 10.53
53437 	 8.759
53438 	 6.826
53439 	 4.732
53440 	 2.473
53441 	 0.43
53442 	 -1.543
53443 	 -2.587
53444 	 -3.794
53445 	 -5.622
53446 	 -6.911
53447 	 -8.073
53448 	 -8.995
53449 	 -9.845
53450 	 -10.682
53451 	 -11.72
53452 	 -13.26
53453 	 -15.268
53454 	 -16.593
53455 	 -17.797
53456 	 -19.258
53457 	 -20.756
53458 	 -22.615
53459 	 -24.699
53460 	 -26.89
53461 	 -28.783
53462 	 -30.786
53463 	 -32.436
53464 	 -33.506
53465 	 -34.501
53466 	 -35.01
53467 	 -35.501
53468 	 -36.571
53469 	 -38.421
53470 	 -40.678
53471 	 -42.574
53472 	 -44.257
53473 	 -45.491
53474 	 -46.144
53475 	 -46.718
53476 	 -47.848
53477 	 -49.356
53478 	 -51.0
53479 	 -52.486
53480 	 -53.902
53481 	 -54.955
53482 	 -55.78
53483 	 -56.842
53484 	 -57.74
53485 	 -58.455
53486 	 -58.853
53487 	 -58.925
53488 	 -58.53
53489 	 -57.862
53490 	 -57.221
53491 	 -57.254
53492 	 -57.805
53493 	 -59.093
53494 	 -60.038
53495 	 -60.689
53496 	 -60.953
53497 	 -60.752
53498 	 -60.65
53499 	 -60.664
53500 	 -60.89
53501 	 -61.311
53502 	 -62.046
53503 	 -63.076
53504 	 -64.651
53505 	 -65.824
53506 	 -66.858
53507 	 -67.54
53508 	 -68.356
53509 	 -69.203
53510 	 -70.08
53511 	 -70.718
53512 	 -71.004
53513 	 -71.264
53514 	 -71.523
53515 	 -71.503
53516 	 -70.566
53517 	 -68.994
53518 	 -68.091
53519 	 -67.173
53520 	 -66.06
53521 	 -64.58
53522 	 -62.981
53523 	 -61.597
53524 	 -60.465
53525 	 -59.952
53526 	 -59.565
53527 	 -59.169
53528 	 -58.68
53529 	 -58.212
53530 	 -57.737
53531 	 -56.626
53532 	 -55.5
53533 	 -54.406
53534 	 -53.288
53535 	 -52.473
53536 	 -52.058
53537 	 -51.462
53538 	 -50.556
53539 	 -49.577
53540 	 -48.309
53541 	 -47.165
53542 	 -46.27
53543 	 -45.63
53544 	 -45.037
53545 	 -44.546
53546 	 -43.73
53547 	 -42.909
53548 	 -41.519
53549 	 -40.348
53550 	 -39.823
53551 	 -39.926
53552 	 -40.014
53553 	 -39.359
53554 	 -38.57
53555 	 -37.499
53556 	 -36.248
53557 	 -34.491
53558 	 -32.757
53559 	 -31.285
53560 	 -29.857
53561 	 -28.574
53562 	 -27.621
53563 	 -26.801
53564 	 -25.789
53565 	 -24.414
53566 	 -23.04
53567 	 -21.696
53568 	 -20.396
53569 	 -19.737
53570 	 -19.256
53571 	 -18.48
53572 	 -16.93
53573 	 -15.374
53574 	 -13.977
53575 	 -13.02
53576 	 -12.104
53577 	 -11.322
53578 	 -10.366
53579 	 -9.375
53580 	 -8.253
53581 	 -6.462
53582 	 -4.537
53583 	 -2.929
53584 	 -1.338
53585 	 0.694
53586 	 3.011
53587 	 4.8
53588 	 6.544
53589 	 8.573
53590 	 10.946
53591 	 13.764
53592 	 16.23
53593 	 18.376
53594 	 20.019
53595 	 21.639
53596 	 22.758
53597 	 23.812
53598 	 24.877
53599 	 26.007
53600 	 27.081
53601 	 28.43
53602 	 29.796
53603 	 31.345
53604 	 32.706
53605 	 34.148
53606 	 35.549
53607 	 36.96
53608 	 38.277
53609 	 39.386
53610 	 40.639
53611 	 41.447
53612 	 41.811
53613 	 41.836
53614 	 42.046
53615 	 42.041
53616 	 42.235
53617 	 42.705
53618 	 43.537
53619 	 44.7
53620 	 45.908
53621 	 47.27
53622 	 48.524
53623 	 49.421
53624 	 50.113
53625 	 50.544
53626 	 50.356
53627 	 50.072
53628 	 50.05
53629 	 50.86
53630 	 51.911
53631 	 52.559
53632 	 52.662
53633 	 52.629
53634 	 52.959
53635 	 53.582
53636 	 54.345
53637 	 55.297
53638 	 56.156
53639 	 56.672
53640 	 57.072
53641 	 57.88
53642 	 58.647
53643 	 58.901
53644 	 58.71
53645 	 58.606
53646 	 58.807
53647 	 59.762
53648 	 60.843
53649 	 62.178
53650 	 63.372
53651 	 64.005
53652 	 64.473
53653 	 65.121
53654 	 65.218
53655 	 65.316
53656 	 65.694
53657 	 66.281
53658 	 66.92
53659 	 67.905
53660 	 69.335
53661 	 70.442
53662 	 71.007
53663 	 70.985
53664 	 71.067
53665 	 71.048
53666 	 70.939
53667 	 70.914
53668 	 70.905
53669 	 70.625
53670 	 70.077
53671 	 69.79
53672 	 69.463
53673 	 69.291
53674 	 70.06
53675 	 71.301
53676 	 72.343
53677 	 73.016
53678 	 73.14
53679 	 73.093
53680 	 72.891
53681 	 72.674
53682 	 72.466
53683 	 72.511
53684 	 72.206
53685 	 71.543
53686 	 70.805
53687 	 70.023
53688 	 69.153
53689 	 68.925
53690 	 69.534
53691 	 69.791
53692 	 69.361
53693 	 68.946
53694 	 68.067
53695 	 66.84
53696 	 65.805
53697 	 65.137
53698 	 65.225
53699 	 66.099
53700 	 67.013
53701 	 67.647
53702 	 68.482
53703 	 68.969
53704 	 69.189
53705 	 68.969
53706 	 68.541
53707 	 67.704
53708 	 66.951
53709 	 66.311
53710 	 66.068
53711 	 66.12
53712 	 66.225
53713 	 66.017
53714 	 65.341
53715 	 64.243
53716 	 63.352
53717 	 62.967
53718 	 63.282
53719 	 64.104
53720 	 64.745
53721 	 65.031
53722 	 65.138
53723 	 64.891
53724 	 63.832
53725 	 62.665
53726 	 62.357
53727 	 61.793
53728 	 61.187
53729 	 60.643
53730 	 59.47
53731 	 58.133
53732 	 56.995
53733 	 55.89
53734 	 54.842
53735 	 53.753
53736 	 52.618
53737 	 51.716
53738 	 50.885
53739 	 50.084
53740 	 49.445
53741 	 49.391
53742 	 49.528
53743 	 49.467
53744 	 49.447
53745 	 49.596
53746 	 49.224
53747 	 48.695
53748 	 48.462
53749 	 48.575
53750 	 49.168
53751 	 49.997
53752 	 50.434
53753 	 50.588
53754 	 50.758
53755 	 50.438
53756 	 50.154
53757 	 50.098
53758 	 50.167
53759 	 50.305
53760 	 50.126
53761 	 50.045
53762 	 50.263
53763 	 50.658
53764 	 51.141
53765 	 51.516
53766 	 51.615
53767 	 51.335
53768 	 50.654
53769 	 50.106
53770 	 50.019
53771 	 50.22
53772 	 50.939
53773 	 51.145
53774 	 51.373
53775 	 52.62
53776 	 53.783
53777 	 55.065
53778 	 56.394
53779 	 57.363
53780 	 58.105
53781 	 58.914
53782 	 60.272
53783 	 61.965
53784 	 64.241
53785 	 65.865
53786 	 66.846
53787 	 67.444
53788 	 67.407
53789 	 67.619
53790 	 67.93
53791 	 68.802
53792 	 70.167
53793 	 71.444
53794 	 72.005
53795 	 72.313
53796 	 73.502
53797 	 74.846
53798 	 76.841
53799 	 78.753
53800 	 79.971
53801 	 80.747
53802 	 81.283
53803 	 81.164
53804 	 80.468
53805 	 80.339
53806 	 80.585
53807 	 81.252
53808 	 82.256
53809 	 83.465
53810 	 85.421
53811 	 88.016
53812 	 89.831
53813 	 91.29
53814 	 92.707
53815 	 93.852
53816 	 95.092
53817 	 96.184
53818 	 97.268
53819 	 97.979
53820 	 98.535
53821 	 99.249
53822 	 99.978
53823 	 100.873
53824 	 101.415
53825 	 101.936
53826 	 102.648
53827 	 103.294
53828 	 103.538
53829 	 103.995
53830 	 104.454
53831 	 104.464
53832 	 104.262
53833 	 103.983
53834 	 104.246
53835 	 104.515
53836 	 103.967
53837 	 103.508
53838 	 103.339
53839 	 103.217
53840 	 102.439
53841 	 101.771
53842 	 101.894
53843 	 102.006
53844 	 102.092
53845 	 102.827
53846 	 103.703
53847 	 104.294
53848 	 105.025
53849 	 105.644
53850 	 105.991
53851 	 106.188
53852 	 106.398
53853 	 107.182
53854 	 108.509
53855 	 109.431
53856 	 109.738
53857 	 109.824
53858 	 109.899
53859 	 109.599
53860 	 109.169
53861 	 108.602
53862 	 108.586
53863 	 108.239
53864 	 107.938
53865 	 107.66
53866 	 107.376
53867 	 107.399
53868 	 107.665
53869 	 108.442
53870 	 109.626
53871 	 110.765
53872 	 111.031
53873 	 111.109
53874 	 111.28
53875 	 111.492
53876 	 111.837
53877 	 112.211
53878 	 112.834
53879 	 113.519
53880 	 114.378
53881 	 115.151
53882 	 115.847
53883 	 117.113
53884 	 118.373
53885 	 119.365
53886 	 119.99
53887 	 120.523
53888 	 121.11
53889 	 121.536
53890 	 122.241
53891 	 122.559
53892 	 122.493
53893 	 122.645
53894 	 123.147
53895 	 123.362
53896 	 123.364
53897 	 123.542
53898 	 123.906
53899 	 124.37
53900 	 125.136
53901 	 125.742
53902 	 125.981
53903 	 126.149
53904 	 126.272
53905 	 126.404
53906 	 126.207
53907 	 125.996
53908 	 125.511
53909 	 124.81
53910 	 124.74
53911 	 125.144
53912 	 125.613
53913 	 125.978
53914 	 126.181
53915 	 126.642
53916 	 127.5
53917 	 128.398
53918 	 128.783
53919 	 128.893
53920 	 128.791
53921 	 128.802
53922 	 128.706
53923 	 128.394
53924 	 128.145
53925 	 127.493
53926 	 126.814
53927 	 126.12
53928 	 125.97
53929 	 125.512
53930 	 124.555
53931 	 123.357
53932 	 122.628
53933 	 122.073
53934 	 121.576
53935 	 121.165
53936 	 120.679
53937 	 120.055
53938 	 119.32
53939 	 118.757
53940 	 117.908
53941 	 117.279
53942 	 116.872
53943 	 116.371
53944 	 116.219
53945 	 116.092
53946 	 115.074
53947 	 113.778
53948 	 112.453
53949 	 111.273
53950 	 110.206
53951 	 109.279
53952 	 108.734
53953 	 108.476
53954 	 108.297
53955 	 108.449
53956 	 108.446
53957 	 107.809
53958 	 106.93
53959 	 105.99
53960 	 105.128
53961 	 104.447
53962 	 103.483
53963 	 102.129
53964 	 100.615
53965 	 99.404
53966 	 98.123
53967 	 96.563
53968 	 95.053
53969 	 93.961
53970 	 92.932
53971 	 91.518
53972 	 90.503
53973 	 89.681
53974 	 88.548
53975 	 87.095
53976 	 85.793
53977 	 84.538
53978 	 83.366
53979 	 82.464
53980 	 81.259
53981 	 79.716
53982 	 78.218
53983 	 77.178
53984 	 76.818
53985 	 76.194
53986 	 75.102
53987 	 73.795
53988 	 72.459
53989 	 70.753
53990 	 69.082
53991 	 67.292
53992 	 65.828
53993 	 64.596
53994 	 63.355
53995 	 61.836
53996 	 60.231
53997 	 58.538
53998 	 56.453
53999 	 54.216
54000 	 51.71
54001 	 49.141
54002 	 47.171
54003 	 45.016
54004 	 43.253
54005 	 41.665
54006 	 39.898
54007 	 37.47
54008 	 35.031
54009 	 32.54
54010 	 30.295
54011 	 28.269
54012 	 26.894
54013 	 26.045
54014 	 25.223
54015 	 24.272
54016 	 23.577
54017 	 22.35
54018 	 20.385
54019 	 18.254
54020 	 15.686
54021 	 12.98
54022 	 11.14
54023 	 9.785
54024 	 8.391
54025 	 7.183
54026 	 6.147
54027 	 5.199
54028 	 4.152
54029 	 3.442
54030 	 2.975
54031 	 2.267
54032 	 1.035
54033 	 -0.596
54034 	 -2.019
54035 	 -2.515
54036 	 -2.963
54037 	 -3.178
54038 	 -3.279
54039 	 -3.871
54040 	 -4.186
54041 	 -4.286
54042 	 -4.584
54043 	 -5.115
54044 	 -5.786
54045 	 -6.49
54046 	 -7.283
54047 	 -8.838
54048 	 -10.696
54049 	 -12.376
54050 	 -14.033
54051 	 -14.794
54052 	 -15.761
54053 	 -16.828
54054 	 -17.8
54055 	 -18.528
54056 	 -19.707
54057 	 -21.264
54058 	 -22.709
54059 	 -24.16
54060 	 -25.791
54061 	 -26.83
54062 	 -28.106
54063 	 -29.651
54064 	 -31.234
54065 	 -32.914
54066 	 -34.546
54067 	 -35.853
54068 	 -36.703
54069 	 -37.453
54070 	 -38.274
54071 	 -38.612
54072 	 -38.681
54073 	 -38.686
54074 	 -38.759
54075 	 -39.279
54076 	 -40.255
54077 	 -41.54
54078 	 -42.62
54079 	 -43.383
54080 	 -44.228
54081 	 -44.874
54082 	 -45.599
54083 	 -46.638
54084 	 -47.984
54085 	 -49.021
54086 	 -49.618
54087 	 -50.193
54088 	 -50.506
54089 	 -51.138
54090 	 -51.984
54091 	 -52.687
54092 	 -52.676
54093 	 -52.095
54094 	 -51.278
54095 	 -50.713
54096 	 -50.402
54097 	 -50.3
54098 	 -49.892
54099 	 -49.485
54100 	 -49.445
54101 	 -49.367
54102 	 -49.899
54103 	 -51.09
54104 	 -52.994
54105 	 -54.542
54106 	 -56.058
54107 	 -56.758
54108 	 -57.202
54109 	 -57.554
54110 	 -58.086
54111 	 -59.064
54112 	 -59.272
54113 	 -58.677
54114 	 -58.374
54115 	 -58.011
54116 	 -57.333
54117 	 -56.958
54118 	 -56.474
54119 	 -55.853
54120 	 -55.65
54121 	 -55.646
54122 	 -55.313
54123 	 -55.089
54124 	 -54.794
54125 	 -54.674
54126 	 -54.364
54127 	 -53.761
54128 	 -52.928
54129 	 -51.854
54130 	 -50.792
54131 	 -50.192
54132 	 -49.827
54133 	 -49.287
54134 	 -47.794
54135 	 -45.645
54136 	 -43.54
54137 	 -41.2
54138 	 -39.46
54139 	 -38.519
54140 	 -37.759
54141 	 -36.879
54142 	 -36.069
54143 	 -35.047
54144 	 -33.846
54145 	 -32.704
54146 	 -31.474
54147 	 -30.84
54148 	 -30.359
54149 	 -29.493
54150 	 -28.578
54151 	 -27.702
54152 	 -27.07
54153 	 -25.722
54154 	 -23.499
54155 	 -21.354
54156 	 -19.107
54157 	 -17.553
54158 	 -15.927
54159 	 -14.594
54160 	 -13.801
54161 	 -13.122
54162 	 -12.799
54163 	 -12.367
54164 	 -11.611
54165 	 -11.214
54166 	 -10.641
54167 	 -9.897
54168 	 -9.118
54169 	 -8.216
54170 	 -7.367
54171 	 -6.423
54172 	 -5.768
54173 	 -5.342
54174 	 -4.578
54175 	 -2.976
54176 	 -0.921
54177 	 1.276
54178 	 3.414
54179 	 5.162
54180 	 6.455
54181 	 6.905
54182 	 7.349
54183 	 8.195
54184 	 9.474
54185 	 10.663
54186 	 11.628
54187 	 13.419
54188 	 15.696
54189 	 18.18
54190 	 20.4
54191 	 22.607
54192 	 25.179
54193 	 27.931
54194 	 30.665
54195 	 33.194
54196 	 35.736
54197 	 38.138
54198 	 40.128
54199 	 41.475
54200 	 42.573
54201 	 44.022
54202 	 45.503
54203 	 46.946
54204 	 48.715
54205 	 50.399
54206 	 52.275
54207 	 54.315
54208 	 56.345
54209 	 58.178
54210 	 59.788
54211 	 61.253
54212 	 62.594
54213 	 63.772
54214 	 65.241
54215 	 66.836
54216 	 68.883
54217 	 71.019
54218 	 73.101
54219 	 75.211
54220 	 77.192
54221 	 79.115
54222 	 80.842
54223 	 82.712
54224 	 85.073
54225 	 87.402
54226 	 89.597
54227 	 91.628
54228 	 93.637
54229 	 95.424
54230 	 97.391
54231 	 99.612
54232 	 101.449
54233 	 103.857
54234 	 106.478
54235 	 109.477
54236 	 112.32
54237 	 114.893
54238 	 117.165
54239 	 119.146
54240 	 120.903
54241 	 122.415
54242 	 124.314
54243 	 126.707
54244 	 129.005
54245 	 131.415
54246 	 133.763
54247 	 135.546
54248 	 137.17
54249 	 138.784
54250 	 140.714
54251 	 143.439
54252 	 146.35
54253 	 149.224
54254 	 151.605
54255 	 153.875
54256 	 156.432
54257 	 158.828
54258 	 160.598
54259 	 162.407
54260 	 164.423
54261 	 166.772
54262 	 169.21
54263 	 171.378
54264 	 173.381
54265 	 175.085
54266 	 176.593
54267 	 178.312
54268 	 180.23
54269 	 182.478
54270 	 184.778
54271 	 187.171
54272 	 189.368
54273 	 191.58
54274 	 193.62
54275 	 195.654
54276 	 197.949
54277 	 200.755
54278 	 203.349
54279 	 205.283
54280 	 206.793
54281 	 207.974
54282 	 208.668
54283 	 209.113
54284 	 209.735
54285 	 210.675
54286 	 211.76
54287 	 213.098
54288 	 214.37
54289 	 215.139
54290 	 215.804
54291 	 216.652
54292 	 217.686
54293 	 218.42
54294 	 219.45
54295 	 220.736
54296 	 221.997
54297 	 223.148
54298 	 224.539
54299 	 225.9
54300 	 227.1
54301 	 227.879
54302 	 228.531
54303 	 229.118
54304 	 229.704
54305 	 230.154
54306 	 230.274
54307 	 230.297
54308 	 230.129
54309 	 229.164
54310 	 228.54
54311 	 228.151
54312 	 227.615
54313 	 227.061
54314 	 226.635
54315 	 226.338
54316 	 226.013
54317 	 225.415
54318 	 224.181
54319 	 222.866
54320 	 221.457
54321 	 219.664
54322 	 218.056
54323 	 217.228
54324 	 216.89
54325 	 216.692
54326 	 216.314
54327 	 215.459
54328 	 214.197
54329 	 212.692
54330 	 211.494
54331 	 210.859
54332 	 210.413
54333 	 210.335
54334 	 209.721
54335 	 208.459
54336 	 206.645
54337 	 204.736
54338 	 202.977
54339 	 201.781
54340 	 200.958
54341 	 200.088
54342 	 199.417
54343 	 198.713
54344 	 197.955
54345 	 196.759
54346 	 195.382
54347 	 194.077
54348 	 192.673
54349 	 190.664
54350 	 188.447
54351 	 186.883
54352 	 185.555
54353 	 184.348
54354 	 182.891
54355 	 181.075
54356 	 179.32
54357 	 177.43
54358 	 175.241
54359 	 172.395
54360 	 169.641
54361 	 167.244
54362 	 165.225
54363 	 163.218
54364 	 160.595
54365 	 157.626
54366 	 154.794
54367 	 151.695
54368 	 149.027
54369 	 146.558
54370 	 144.04
54371 	 141.604
54372 	 138.699
54373 	 136.112
54374 	 133.671
54375 	 130.581
54376 	 127.581
54377 	 124.565
54378 	 121.534
54379 	 118.61
54380 	 115.661
54381 	 112.862
54382 	 109.802
54383 	 106.657
54384 	 103.276
54385 	 100.221
54386 	 97.55
54387 	 94.938
54388 	 92.082
54389 	 88.963
54390 	 85.837
54391 	 83.023
54392 	 79.862
54393 	 76.641
54394 	 73.323
54395 	 70.729
54396 	 68.573
54397 	 66.453
54398 	 64.128
54399 	 61.627
54400 	 58.873
54401 	 56.272
54402 	 53.431
54403 	 50.676
54404 	 47.805
54405 	 44.779
54406 	 42.246
54407 	 40.283
54408 	 38.285
54409 	 35.887
54410 	 33.998
54411 	 32.381
54412 	 30.245
54413 	 27.868
54414 	 25.342
54415 	 22.808
54416 	 20.069
54417 	 16.988
54418 	 14.123
54419 	 11.164
54420 	 7.943
54421 	 4.583
54422 	 1.378
54423 	 -1.551
54424 	 -4.193
54425 	 -6.937
54426 	 -9.411
54427 	 -11.765
54428 	 -14.75
54429 	 -18.157
54430 	 -20.904
54431 	 -22.941
54432 	 -25.304
54433 	 -27.305
54434 	 -28.699
54435 	 -29.563
54436 	 -30.63
54437 	 -31.919
54438 	 -33.89
54439 	 -36.684
54440 	 -39.663
54441 	 -42.441
54442 	 -44.575
54443 	 -46.304
54444 	 -47.627
54445 	 -49.084
54446 	 -50.232
54447 	 -51.566
54448 	 -53.118
54449 	 -54.649
54450 	 -56.216
54451 	 -57.538
54452 	 -58.939
54453 	 -60.046
54454 	 -61.027
54455 	 -61.804
54456 	 -62.727
54457 	 -63.715
54458 	 -65.19
54459 	 -67.266
54460 	 -69.571
54461 	 -71.33
54462 	 -72.872
54463 	 -74.705
54464 	 -76.374
54465 	 -78.621
54466 	 -80.508
54467 	 -81.835
54468 	 -83.273
54469 	 -85.454
54470 	 -87.894
54471 	 -90.225
54472 	 -92.639
54473 	 -94.409
54474 	 -95.99
54475 	 -97.556
54476 	 -99.489
54477 	 -101.615
54478 	 -103.379
54479 	 -104.938
54480 	 -106.904
54481 	 -108.891
54482 	 -110.411
54483 	 -112.147
54484 	 -114.053
54485 	 -115.207
54486 	 -115.091
54487 	 -115.005
54488 	 -115.269
54489 	 -115.823
54490 	 -116.62
54491 	 -117.498
54492 	 -117.846
54493 	 -117.941
54494 	 -118.44
54495 	 -119.154
54496 	 -119.672
54497 	 -119.704
54498 	 -119.46
54499 	 -119.79
54500 	 -120.551
54501 	 -120.82
54502 	 -121.238
54503 	 -122.019
54504 	 -122.833
54505 	 -123.527
54506 	 -123.924
54507 	 -124.709
54508 	 -125.68
54509 	 -126.2
54510 	 -125.736
54511 	 -125.208
54512 	 -125.169
54513 	 -125.661
54514 	 -126.485
54515 	 -126.952
54516 	 -127.17
54517 	 -127.372
54518 	 -127.377
54519 	 -127.498
54520 	 -127.212
54521 	 -126.921
54522 	 -126.365
54523 	 -125.469
54524 	 -124.161
54525 	 -122.866
54526 	 -121.295
54527 	 -120.141
54528 	 -119.073
54529 	 -118.145
54530 	 -117.022
54531 	 -115.681
54532 	 -114.749
54533 	 -113.387
54534 	 -111.885
54535 	 -110.667
54536 	 -109.338
54537 	 -108.037
54538 	 -106.559
54539 	 -104.909
54540 	 -103.013
54541 	 -100.944
54542 	 -98.577
54543 	 -96.339
54544 	 -94.092
54545 	 -91.541
54546 	 -88.896
54547 	 -86.165
54548 	 -83.333
54549 	 -80.689
54550 	 -78.445
54551 	 -76.234
54552 	 -74.078
54553 	 -72.21
54554 	 -70.676
54555 	 -68.753
54556 	 -66.576
54557 	 -64.549
54558 	 -62.03
54559 	 -58.993
54560 	 -56.047
54561 	 -53.616
54562 	 -50.859
54563 	 -47.87
54564 	 -45.078
54565 	 -42.901
54566 	 -41.151
54567 	 -38.926
54568 	 -36.674
54569 	 -34.213
54570 	 -31.612
54571 	 -29.062
54572 	 -26.537
54573 	 -23.704
54574 	 -20.398
54575 	 -16.953
54576 	 -13.677
54577 	 -10.961
54578 	 -8.24
54579 	 -5.806
54580 	 -3.131
54581 	 -0.089
54582 	 3.053
54583 	 6.143
54584 	 9.569
54585 	 12.94
54586 	 16.005
54587 	 18.994
54588 	 21.756
54589 	 24.439
54590 	 27.085
54591 	 29.956
54592 	 33.517
54593 	 36.924
54594 	 39.778
54595 	 42.508
54596 	 44.808
54597 	 47.299
54598 	 49.995
54599 	 52.797
54600 	 56.33
54601 	 60.25
54602 	 64.154
54603 	 68.008
54604 	 71.438
54605 	 74.63
54606 	 77.625
54607 	 80.901
54608 	 84.289
54609 	 88.16
54610 	 92.259
54611 	 96.072
54612 	 100.039
54613 	 103.781
54614 	 107.551
54615 	 111.278
54616 	 114.54
54617 	 117.347
54618 	 119.992
54619 	 122.593
54620 	 125.594
54621 	 129.007
54622 	 132.819
54623 	 136.485
54624 	 139.879
54625 	 143.279
54626 	 146.543
54627 	 150.203
54628 	 153.699
54629 	 157.108
54630 	 160.608
54631 	 163.971
54632 	 166.818
54633 	 169.548
54634 	 172.469
54635 	 175.183
54636 	 177.75
54637 	 180.362
54638 	 183.576
54639 	 187.012
54640 	 190.285
54641 	 193.432
54642 	 196.492
54643 	 199.516
54644 	 201.85
54645 	 204.235
54646 	 206.535
54647 	 208.757
54648 	 211.219
54649 	 213.568
54650 	 216.09
54651 	 218.852
54652 	 221.719
54653 	 224.732
54654 	 227.288
54655 	 229.647
54656 	 231.916
54657 	 234.148
54658 	 236.497
54659 	 238.771
54660 	 241.266
54661 	 243.36
54662 	 245.285
54663 	 247.822
54664 	 250.626
54665 	 252.946
54666 	 254.962
54667 	 257.155
54668 	 259.611
54669 	 262.206
54670 	 265.124
54671 	 267.798
54672 	 270.293
54673 	 272.844
54674 	 275.015
54675 	 276.792
54676 	 278.307
54677 	 279.51
54678 	 280.198
54679 	 281.044
54680 	 282.229
54681 	 283.687
54682 	 285.281
54683 	 286.947
54684 	 288.609
54685 	 290.074
54686 	 290.78
54687 	 291.442
54688 	 291.948
54689 	 292.417
54690 	 292.814
54691 	 293.004
54692 	 293.078
54693 	 292.876
54694 	 293.603
54695 	 294.262
54696 	 294.495
54697 	 294.8
54698 	 295.343
54699 	 296.113
54700 	 297.038
54701 	 298.153
54702 	 298.643
54703 	 298.256
54704 	 297.816
54705 	 298.079
54706 	 298.242
54707 	 298.306
54708 	 298.443
54709 	 298.65
54710 	 298.664
54711 	 298.936
54712 	 299.264
54713 	 299.166
54714 	 298.686
54715 	 298.263
54716 	 297.868
54717 	 297.558
54718 	 297.281
54719 	 296.92
54720 	 296.503
54721 	 295.857
54722 	 294.501
54723 	 292.778
54724 	 291.424
54725 	 290.477
54726 	 289.452
54727 	 287.902
54728 	 286.022
54729 	 284.176
54730 	 282.211
54731 	 280.171
54732 	 278.311
54733 	 276.555
54734 	 274.731
54735 	 273.024
54736 	 271.296
54737 	 269.795
54738 	 268.291
54739 	 266.489
54740 	 264.631
54741 	 262.519
54742 	 259.859
54743 	 256.815
54744 	 254.32
54745 	 252.101
54746 	 249.697
54747 	 247.209
54748 	 244.818
54749 	 242.389
54750 	 239.609
54751 	 237.115
54752 	 234.729
54753 	 232.574
54754 	 229.741
54755 	 227.076
54756 	 224.412
54757 	 221.637
54758 	 218.903
54759 	 216.232
54760 	 213.678
54761 	 211.374
54762 	 208.489
54763 	 205.04
54764 	 201.165
54765 	 197.651
54766 	 195.201
54767 	 193.299
54768 	 191.272
54769 	 188.52
54770 	 185.694
54771 	 182.601
54772 	 179.435
54773 	 176.55
54774 	 173.314
54775 	 169.782
54776 	 166.482
54777 	 163.837
54778 	 160.979
54779 	 157.775
54780 	 154.103
54781 	 150.308
54782 	 146.792
54783 	 142.602
54784 	 138.324
54785 	 134.512
54786 	 130.933
54787 	 126.951
54788 	 123.187
54789 	 120.508
54790 	 118.465
54791 	 116.988
54792 	 115.426
54793 	 113.433
54794 	 110.974
54795 	 107.927
54796 	 104.396
54797 	 101.251
54798 	 98.338
54799 	 95.18
54800 	 91.685
54801 	 88.281
54802 	 84.682
54803 	 80.548
54804 	 75.93
54805 	 71.735
54806 	 68.039
54807 	 64.548
54808 	 61.416
54809 	 59.046
54810 	 56.723
54811 	 53.646
54812 	 50.457
54813 	 47.174
54814 	 44.693
54815 	 42.826
54816 	 40.167
54817 	 36.904
54818 	 33.655
54819 	 30.506
54820 	 27.465
54821 	 24.509
54822 	 21.21
54823 	 17.967
54824 	 14.545
54825 	 10.903
54826 	 6.718
54827 	 2.867
54828 	 -0.983
54829 	 -5.27
54830 	 -9.652
54831 	 -13.46
54832 	 -17.053
54833 	 -20.459
54834 	 -23.237
54835 	 -25.669
54836 	 -28.928
54837 	 -33.33
54838 	 -37.527
54839 	 -41.733
54840 	 -45.902
54841 	 -49.601
54842 	 -53.076
54843 	 -56.51
54844 	 -59.587
54845 	 -62.41
54846 	 -65.314
54847 	 -68.207
54848 	 -70.738
54849 	 -73.26
54850 	 -75.675
54851 	 -78.271
54852 	 -81.096
54853 	 -84.401
54854 	 -87.601
54855 	 -90.17
54856 	 -91.616
54857 	 -93.195
54858 	 -94.435
54859 	 -95.886
54860 	 -98.039
54861 	 -100.229
54862 	 -102.85
54863 	 -105.547
54864 	 -107.599
54865 	 -108.471
54866 	 -109.015
54867 	 -110.005
54868 	 -111.62
54869 	 -113.806
54870 	 -115.913
54871 	 -118.127
54872 	 -119.767
54873 	 -120.574
54874 	 -121.352
54875 	 -122.343
54876 	 -123.67
54877 	 -125.248
54878 	 -126.775
54879 	 -128.611
54880 	 -130.483
54881 	 -132.392
54882 	 -133.416
54883 	 -133.767
54884 	 -134.206
54885 	 -133.787
54886 	 -133.072
54887 	 -133.32
54888 	 -133.544
54889 	 -133.614
54890 	 -133.959
54891 	 -134.386
54892 	 -134.834
54893 	 -134.821
54894 	 -134.187
54895 	 -133.699
54896 	 -133.416
54897 	 -133.15
54898 	 -133.002
54899 	 -132.832
54900 	 -132.508
54901 	 -132.157
54902 	 -132.009
54903 	 -131.8
54904 	 -130.924
54905 	 -130.357
54906 	 -129.49
54907 	 -128.463
54908 	 -127.685
54909 	 -127.284
54910 	 -126.884
54911 	 -126.042
54912 	 -124.886
54913 	 -123.473
54914 	 -122.067
54915 	 -120.897
54916 	 -119.873
54917 	 -119.172
54918 	 -118.443
54919 	 -118.004
54920 	 -118.376
54921 	 -118.972
54922 	 -118.909
54923 	 -117.845
54924 	 -116.487
54925 	 -115.185
54926 	 -113.298
54927 	 -110.754
54928 	 -108.392
54929 	 -106.843
54930 	 -105.304
54931 	 -103.77
54932 	 -102.321
54933 	 -100.753
54934 	 -98.622
54935 	 -96.561
54936 	 -94.102
54937 	 -91.421
54938 	 -88.929
54939 	 -86.865
54940 	 -84.839
54941 	 -82.719
54942 	 -80.472
54943 	 -78.487
54944 	 -76.882
54945 	 -75.915
54946 	 -75.008
54947 	 -73.801
54948 	 -72.005
54949 	 -69.822
54950 	 -67.653
54951 	 -65.236
54952 	 -62.359
54953 	 -59.562
54954 	 -56.728
54955 	 -53.909
54956 	 -51.59
54957 	 -48.995
54958 	 -45.81
54959 	 -42.756
54960 	 -39.659
54961 	 -36.628
54962 	 -33.63
54963 	 -31.113
54964 	 -28.548
54965 	 -25.798
54966 	 -23.132
54967 	 -20.229
54968 	 -16.658
54969 	 -13.001
54970 	 -9.398
54971 	 -5.986
54972 	 -2.641
54973 	 0.612
54974 	 3.583
54975 	 7.038
54976 	 10.812
54977 	 13.86
54978 	 16.578
54979 	 19.338
54980 	 21.744
54981 	 24.489
54982 	 27.77
54983 	 31.482
54984 	 35.442
54985 	 39.497
54986 	 43.741
54987 	 48.067
54988 	 51.774
54989 	 55.247
54990 	 58.638
54991 	 61.713
54992 	 64.29
54993 	 67.455
54994 	 71.011
54995 	 74.687
54996 	 78.521
54997 	 82.225
54998 	 85.615
54999 	 88.589
55000 	 91.163
55001 	 94.032
55002 	 97.209
55003 	 100.322
55004 	 103.094
55005 	 105.938
55006 	 109.188
55007 	 112.476
55008 	 115.4
55009 	 118.05
55010 	 120.813
55011 	 123.634
55012 	 126.771
55013 	 130.35
55014 	 134.265
55015 	 138.448
55016 	 142.514
55017 	 146.031
55018 	 149.156
55019 	 152.133
55020 	 154.831
55021 	 157.212
55022 	 159.832
55023 	 162.75
55024 	 165.839
55025 	 168.986
55026 	 171.922
55027 	 175.535
55028 	 179.211
55029 	 182.725
55030 	 185.93
55031 	 188.836
55032 	 191.894
55033 	 194.967
55034 	 197.942
55035 	 200.699
55036 	 203.111
55037 	 205.401
55038 	 207.804
55039 	 210.596
55040 	 213.304
55041 	 215.607
55042 	 217.599
55043 	 219.511
55044 	 221.772
55045 	 223.951
55046 	 225.934
55047 	 227.921
55048 	 229.989
55049 	 231.987
55050 	 234.179
55051 	 236.33
55052 	 238.379
55053 	 240.417
55054 	 242.375
55055 	 244.498
55056 	 246.681
55057 	 248.55
55058 	 249.93
55059 	 251.524
55060 	 252.871
55061 	 253.98
55062 	 254.936
55063 	 256.19
55064 	 257.962
55065 	 259.765
55066 	 260.874
55067 	 261.909
55068 	 263.037
55069 	 264.223
55070 	 265.349
55071 	 266.402
55072 	 267.565
55073 	 268.856
55074 	 269.878
55075 	 270.475
55076 	 270.872
55077 	 271.334
55078 	 272.133
55079 	 272.764
55080 	 272.826
55081 	 272.475
55082 	 272.308
55083 	 272.131
55084 	 271.847
55085 	 271.466
55086 	 271.548
55087 	 271.905
55088 	 272.442
55089 	 273.143
55090 	 274.18
55091 	 275.213
55092 	 275.672
55093 	 275.583
55094 	 274.911
55095 	 274.07
55096 	 273.396
55097 	 272.765
55098 	 271.994
55099 	 271.193
55100 	 270.241
55101 	 269.102
55102 	 268.214
55103 	 267.526
55104 	 266.518
55105 	 265.645
55106 	 265.0
55107 	 264.673
55108 	 264.204
55109 	 263.705
55110 	 263.098
55111 	 262.362
55112 	 261.888
55113 	 261.986
55114 	 261.793
55115 	 261.131
55116 	 260.149
55117 	 258.87
55118 	 257.103
55119 	 254.889
55120 	 253.459
55121 	 252.719
55122 	 251.867
55123 	 250.97
55124 	 249.989
55125 	 249.087
55126 	 247.993
55127 	 247.3
55128 	 246.085
55129 	 244.765
55130 	 243.942
55131 	 243.015
55132 	 241.834
55133 	 240.739
55134 	 239.462
55135 	 237.669
55136 	 235.587
55137 	 234.448
55138 	 234.348
55139 	 234.012
55140 	 233.401
55141 	 232.055
55142 	 229.766
55143 	 227.145
55144 	 224.93
55145 	 222.863
55146 	 220.624
55147 	 218.085
55148 	 215.687
55149 	 212.923
55150 	 209.674
55151 	 206.205
55152 	 203.146
55153 	 200.502
55154 	 198.006
55155 	 195.683
55156 	 193.537
55157 	 191.431
55158 	 189.659
55159 	 187.811
55160 	 185.857
55161 	 183.609
55162 	 180.914
55163 	 177.998
55164 	 174.948
55165 	 172.178
55166 	 168.825
55167 	 165.133
55168 	 161.724
55169 	 158.901
55170 	 156.571
55171 	 154.436
55172 	 152.2
55173 	 149.659
55174 	 147.221
55175 	 145.087
55176 	 142.57
55177 	 140.283
55178 	 138.336
55179 	 136.221
55180 	 133.249
55181 	 130.467
55182 	 127.788
55183 	 125.343
55184 	 123.368
55185 	 121.746
55186 	 120.035
55187 	 118.132
55188 	 115.995
55189 	 113.839
55190 	 112.035
55191 	 110.406
55192 	 108.636
55193 	 106.812
55194 	 104.815
55195 	 102.8
55196 	 100.694
55197 	 98.695
55198 	 96.604
55199 	 94.676
55200 	 92.786
55201 	 90.576
55202 	 87.665
55203 	 84.302
55204 	 81.206
55205 	 77.933
55206 	 74.185
55207 	 70.451
55208 	 67.55
55209 	 64.903
55210 	 62.148
55211 	 59.184
55212 	 55.824
55213 	 52.402
55214 	 48.865
55215 	 44.993
55216 	 40.975
55217 	 36.965
55218 	 33.475
55219 	 30.544
55220 	 28.109
55221 	 25.536
55222 	 22.96
55223 	 20.546
55224 	 18.828
55225 	 17.856
55226 	 16.469
55227 	 14.153
55228 	 11.543
55229 	 8.709
55230 	 5.991
55231 	 3.249
55232 	 0.818
55233 	 -1.112
55234 	 -2.886
55235 	 -4.84
55236 	 -6.457
55237 	 -8.24
55238 	 -10.699
55239 	 -13.651
55240 	 -15.975
55241 	 -17.871
55242 	 -19.579
55243 	 -21.226
55244 	 -22.594
55245 	 -23.477
55246 	 -24.193
55247 	 -25.101
55248 	 -26.369
55249 	 -27.577
55250 	 -28.379
55251 	 -29.184
55252 	 -30.442
55253 	 -31.549
55254 	 -32.519
55255 	 -34.025
55256 	 -35.067
55257 	 -35.898
55258 	 -36.923
55259 	 -38.289
55260 	 -39.103
55261 	 -39.911
55262 	 -41.276
55263 	 -42.96
55264 	 -44.865
55265 	 -46.217
55266 	 -47.13
55267 	 -48.042
55268 	 -48.717
55269 	 -49.654
55270 	 -50.847
55271 	 -51.892
55272 	 -52.583
55273 	 -53.229
55274 	 -53.959
55275 	 -54.441
55276 	 -54.525
55277 	 -54.464
55278 	 -54.658
55279 	 -55.165
55280 	 -56.019
55281 	 -57.042
55282 	 -57.657
55283 	 -58.257
55284 	 -58.869
55285 	 -59.911
55286 	 -60.817
55287 	 -61.112
55288 	 -61.578
55289 	 -62.084
55290 	 -62.902
55291 	 -64.155
55292 	 -65.869
55293 	 -67.169
55294 	 -67.861
55295 	 -68.236
55296 	 -68.489
55297 	 -68.321
55298 	 -68.1
55299 	 -68.098
55300 	 -68.434
55301 	 -68.905
55302 	 -68.898
55303 	 -69.04
55304 	 -69.241
55305 	 -69.011
55306 	 -68.827
55307 	 -68.888
55308 	 -69.347
55309 	 -69.994
55310 	 -70.343
55311 	 -70.748
55312 	 -71.127
55313 	 -70.811
55314 	 -70.783
55315 	 -71.096
55316 	 -71.151
55317 	 -70.889
55318 	 -70.352
55319 	 -69.619
55320 	 -68.441
55321 	 -66.768
55322 	 -64.988
55323 	 -62.98
55324 	 -60.47
55325 	 -58.87
55326 	 -57.838
55327 	 -56.625
55328 	 -55.577
55329 	 -54.505
55330 	 -53.39
55331 	 -51.93
55332 	 -50.6
55333 	 -49.145
55334 	 -47.476
55335 	 -45.434
55336 	 -43.512
55337 	 -41.575
55338 	 -39.468
55339 	 -37.516
55340 	 -35.658
55341 	 -34.013
55342 	 -32.545
55343 	 -31.455
55344 	 -30.491
55345 	 -29.014
55346 	 -27.402
55347 	 -25.966
55348 	 -24.145
55349 	 -22.396
55350 	 -20.867
55351 	 -19.408
55352 	 -17.434
55353 	 -14.6
55354 	 -11.955
55355 	 -9.581
55356 	 -6.625
55357 	 -3.769
55358 	 -1.222
55359 	 1.632
55360 	 4.931
55361 	 7.785
55362 	 10.248
55363 	 12.86
55364 	 15.881
55365 	 19.171
55366 	 22.355
55367 	 24.862
55368 	 27.534
55369 	 30.546
55370 	 34.027
55371 	 37.845
55372 	 41.363
55373 	 44.202
55374 	 47.112
55375 	 50.132
55376 	 53.502
55377 	 56.917
55378 	 60.81
55379 	 64.626
55380 	 67.976
55381 	 70.986
55382 	 74.367
55383 	 77.826
55384 	 80.999
55385 	 83.778
55386 	 86.306
55387 	 88.541
55388 	 90.78
55389 	 93.097
55390 	 95.416
55391 	 98.109
55392 	 100.401
55393 	 102.279
55394 	 104.112
55395 	 106.421
55396 	 109.402
55397 	 112.152
55398 	 114.58
55399 	 117.015
55400 	 119.505
55401 	 121.712
55402 	 123.699
55403 	 126.179
55404 	 128.85
55405 	 131.256
55406 	 133.367
55407 	 135.254
55408 	 137.226
55409 	 139.425
55410 	 141.578
55411 	 143.833
55412 	 145.887
55413 	 147.707
55414 	 149.451
55415 	 151.576
55416 	 153.888
55417 	 156.099
55418 	 158.406
55419 	 161.054
55420 	 164.08
55421 	 166.586
55422 	 168.932
55423 	 171.277
55424 	 174.463
55425 	 177.699
55426 	 180.229
55427 	 182.479
55428 	 184.445
55429 	 186.656
55430 	 189.059
55431 	 191.992
55432 	 194.864
55433 	 197.366
55434 	 199.402
55435 	 201.141
55436 	 202.368
55437 	 203.337
55438 	 204.352
55439 	 205.638
55440 	 206.919
55441 	 207.575
55442 	 208.7
55443 	 210.002
55444 	 211.518
55445 	 212.677
55446 	 214.091
55447 	 215.749
55448 	 217.134
55449 	 218.691
55450 	 220.329
55451 	 221.801
55452 	 222.791
55453 	 223.636
55454 	 224.828
55455 	 226.559
55456 	 228.017
55457 	 229.302
55458 	 230.654
55459 	 231.45
55460 	 232.062
55461 	 232.323
55462 	 233.112
55463 	 234.312
55464 	 234.823
55465 	 235.263
55466 	 235.266
55467 	 235.347
55468 	 235.143
55469 	 234.77
55470 	 234.206
55471 	 234.008
55472 	 233.983
55473 	 233.968
55474 	 234.187
55475 	 234.848
55476 	 235.042
55477 	 234.905
55478 	 234.465
55479 	 234.147
55480 	 233.924
55481 	 233.758
55482 	 233.849
55483 	 234.146
55484 	 234.363
55485 	 234.103
55486 	 233.525
55487 	 233.222
55488 	 232.914
55489 	 232.445
55490 	 231.861
55491 	 231.333
55492 	 230.646
55493 	 230.121
55494 	 229.024
55495 	 227.437
55496 	 226.259
55497 	 225.378
55498 	 224.622
55499 	 224.126
55500 	 223.354
55501 	 222.529
55502 	 221.458
55503 	 220.874
55504 	 220.587
55505 	 220.418
55506 	 220.287
55507 	 219.517
55508 	 217.646
55509 	 216.167
55510 	 214.94
55511 	 213.761
55512 	 212.691
55513 	 211.945
55514 	 210.984
55515 	 209.958
55516 	 208.823
55517 	 207.907
55518 	 207.105
55519 	 206.379
55520 	 205.526
55521 	 205.09
55522 	 204.853
55523 	 204.288
55524 	 202.87
55525 	 201.22
55526 	 199.921
55527 	 198.784
55528 	 197.267
55529 	 195.818
55530 	 194.729
55531 	 193.551
55532 	 192.122
55533 	 191.051
55534 	 190.09
55535 	 188.372
55536 	 186.403
55537 	 184.857
55538 	 183.787
55539 	 183.114
55540 	 181.894
55541 	 179.959
55542 	 177.839
55543 	 175.228
55544 	 171.865
55545 	 168.293
55546 	 165.854
55547 	 164.837
55548 	 164.17
55549 	 163.287
55550 	 161.48
55551 	 159.235
55552 	 157.0
55553 	 154.803
55554 	 153.098
55555 	 151.504
55556 	 149.624
55557 	 147.412
55558 	 144.647
55559 	 141.028
55560 	 137.269
55561 	 134.028
55562 	 130.959
55563 	 127.715
55564 	 124.413
55565 	 121.377
55566 	 117.734
55567 	 113.744
55568 	 110.096
55569 	 106.247
55570 	 103.002
55571 	 100.999
55572 	 99.966
55573 	 99.121
55574 	 97.707
55575 	 95.398
55576 	 92.37
55577 	 88.884
55578 	 84.953
55579 	 81.304
55580 	 77.908
55581 	 74.672
55582 	 71.357
55583 	 67.931
55584 	 64.827
55585 	 61.692
55586 	 58.609
55587 	 55.408
55588 	 52.335
55589 	 49.358
55590 	 47.472
55591 	 46.055
55592 	 45.108
55593 	 44.446
55594 	 43.737
55595 	 42.881
55596 	 41.602
55597 	 40.235
55598 	 39.049
55599 	 38.219
55600 	 37.562
55601 	 36.289
55602 	 34.283
55603 	 32.074
55604 	 30.655
55605 	 29.416
55606 	 27.752
55607 	 26.118
55608 	 24.923
55609 	 23.469
55610 	 21.796
55611 	 20.058
55612 	 18.543
55613 	 16.808
55614 	 15.2
55615 	 13.824
55616 	 12.317
55617 	 10.225
55618 	 7.649
55619 	 4.921
55620 	 2.538
55621 	 0.784
55622 	 -0.748
55623 	 -1.851
55624 	 -2.654
55625 	 -3.043
55626 	 -3.364
55627 	 -4.451
55628 	 -5.825
55629 	 -6.991
55630 	 -7.834
55631 	 -8.872
55632 	 -10.334
55633 	 -11.741
55634 	 -13.522
55635 	 -15.266
55636 	 -16.856
55637 	 -18.366
55638 	 -19.579
55639 	 -20.644
55640 	 -21.628
55641 	 -22.752
55642 	 -24.444
55643 	 -25.805
55644 	 -26.918
55645 	 -27.203
55646 	 -27.449
55647 	 -28.407
55648 	 -29.389
55649 	 -30.328
55650 	 -30.921
55651 	 -31.677
55652 	 -33.017
55653 	 -34.732
55654 	 -36.196
55655 	 -37.434
55656 	 -39.358
55657 	 -41.465
55658 	 -42.481
55659 	 -42.997
55660 	 -43.367
55661 	 -43.303
55662 	 -43.606
55663 	 -43.919
55664 	 -44.071
55665 	 -44.192
55666 	 -44.047
55667 	 -43.834
55668 	 -44.036
55669 	 -44.266
55670 	 -44.554
55671 	 -44.658
55672 	 -44.951
55673 	 -45.061
55674 	 -45.223
55675 	 -45.872
55676 	 -46.204
55677 	 -46.033
55678 	 -45.764
55679 	 -45.322
55680 	 -45.118
55681 	 -44.729
55682 	 -44.035
55683 	 -43.214
55684 	 -42.665
55685 	 -42.415
55686 	 -41.914
55687 	 -41.626
55688 	 -41.477
55689 	 -41.738
55690 	 -41.856
55691 	 -41.271
55692 	 -39.942
55693 	 -38.511
55694 	 -36.572
55695 	 -34.708
55696 	 -33.334
55697 	 -32.579
55698 	 -31.938
55699 	 -31.316
55700 	 -30.721
55701 	 -29.879
55702 	 -29.016
55703 	 -28.123
55704 	 -26.84
55705 	 -25.487
55706 	 -23.707
55707 	 -21.97
55708 	 -20.288
55709 	 -19.013
55710 	 -17.931
55711 	 -17.33
55712 	 -16.522
55713 	 -15.324
55714 	 -14.267
55715 	 -13.135
55716 	 -11.679
55717 	 -9.893
55718 	 -7.741
55719 	 -5.64
55720 	 -3.247
55721 	 -1.012
55722 	 1.708
55723 	 4.998
55724 	 8.069
55725 	 10.668
55726 	 13.211
55727 	 15.196
55728 	 17.066
55729 	 18.898
55730 	 20.82
55731 	 22.775
55732 	 24.993
55733 	 27.121
55734 	 29.112
55735 	 31.092
55736 	 32.762
55737 	 33.619
55738 	 34.598
55739 	 36.571
55740 	 38.492
55741 	 40.16
55742 	 42.12
55743 	 43.694
55744 	 45.224
55745 	 46.621
55746 	 48.193
55747 	 50.369
55748 	 52.419
55749 	 55.104
55750 	 57.647
55751 	 59.871
55752 	 62.155
55753 	 64.413
55754 	 65.812
55755 	 67.122
55756 	 68.743
55757 	 70.584
55758 	 72.264
55759 	 74.418
55760 	 76.529
55761 	 78.637
55762 	 81.093
55763 	 83.766
55764 	 86.614
55765 	 89.071
55766 	 91.01
55767 	 93.183
55768 	 94.917
55769 	 96.202
55770 	 97.817
55771 	 99.905
55772 	 101.608
55773 	 103.086
55774 	 104.809
55775 	 106.924
55776 	 109.275
55777 	 111.727
55778 	 114.577
55779 	 117.304
55780 	 119.29
55781 	 121.117
55782 	 123.204
55783 	 125.604
55784 	 127.833
55785 	 129.649
55786 	 131.495
55787 	 133.051
55788 	 134.744
55789 	 136.642
55790 	 138.513
55791 	 140.347
55792 	 141.916
55793 	 143.242
55794 	 144.138
55795 	 145.468
55796 	 146.639
55797 	 147.633
55798 	 148.797
55799 	 150.174
55800 	 151.876
55801 	 153.559
55802 	 155.587
55803 	 157.453
55804 	 159.198
55805 	 161.074
55806 	 162.542
55807 	 163.89
55808 	 165.3
55809 	 166.55
55810 	 167.42
55811 	 168.513
55812 	 170.074
55813 	 172.075
55814 	 174.348
55815 	 176.222
55816 	 177.582
55817 	 178.636
55818 	 179.705
55819 	 180.607
55820 	 181.466
55821 	 182.17
55822 	 182.353
55823 	 182.116
55824 	 181.934
55825 	 182.247
55826 	 182.362
55827 	 182.336
55828 	 182.622
55829 	 182.593
55830 	 182.032
55831 	 181.313
55832 	 180.435
55833 	 179.816
55834 	 179.794
55835 	 179.956
55836 	 180.02
55837 	 180.124
55838 	 180.722
55839 	 181.801
55840 	 183.023
55841 	 183.864
55842 	 184.909
55843 	 185.881
55844 	 186.334
55845 	 186.289
55846 	 186.121
55847 	 185.859
55848 	 185.559
55849 	 185.076
55850 	 184.507
55851 	 184.359
55852 	 184.575
55853 	 185.322
55854 	 186.161
55855 	 186.818
55856 	 186.945
55857 	 186.982
55858 	 187.253
55859 	 187.686
55860 	 187.699
55861 	 187.543
55862 	 187.462
55863 	 187.615
55864 	 187.602
55865 	 187.283
55866 	 186.82
55867 	 186.727
55868 	 187.001
55869 	 187.158
55870 	 186.871
55871 	 186.209
55872 	 185.453
55873 	 184.737
55874 	 184.668
55875 	 184.861
55876 	 184.39
55877 	 183.246
55878 	 181.686
55879 	 180.471
55880 	 179.351
55881 	 178.286
55882 	 177.396
55883 	 176.711
55884 	 176.032
55885 	 175.326
55886 	 174.443
55887 	 173.153
55888 	 171.585
55889 	 170.12
55890 	 168.392
55891 	 166.862
55892 	 166.234
55893 	 165.72
55894 	 164.126
55895 	 162.429
55896 	 160.989
55897 	 160.44
55898 	 160.103
55899 	 159.758
55900 	 159.53
55901 	 158.94
55902 	 157.738
55903 	 156.018
55904 	 154.532
55905 	 153.917
55906 	 152.962
55907 	 152.109
55908 	 151.304
55909 	 149.948
55910 	 148.406
55911 	 147.158
55912 	 145.669
55913 	 144.419
55914 	 142.722
55915 	 140.358
55916 	 138.041
55917 	 135.712
55918 	 134.026
55919 	 132.699
55920 	 131.43
55921 	 129.58
55922 	 127.652
55923 	 126.141
55924 	 124.444
55925 	 122.735
55926 	 120.714
55927 	 118.607
55928 	 117.456
55929 	 115.935
55930 	 114.543
55931 	 113.334
55932 	 111.53
55933 	 108.874
55934 	 106.402
55935 	 104.231
55936 	 101.721
55937 	 99.712
55938 	 98.313
55939 	 97.324
55940 	 96.138
55941 	 94.933
55942 	 93.651
55943 	 91.751
55944 	 89.56
55945 	 87.356
55946 	 85.465
55947 	 83.28
55948 	 80.601
55949 	 78.597
55950 	 76.57
55951 	 74.255
55952 	 71.917
55953 	 69.358
55954 	 66.738
55955 	 64.276
55956 	 61.833
55957 	 59.248
55958 	 56.853
55959 	 54.659
55960 	 52.977
55961 	 51.43
55962 	 49.316
55963 	 47.297
55964 	 45.651
55965 	 44.293
55966 	 43.161
55967 	 42.13
55968 	 41.274
55969 	 40.348
55970 	 38.878
55971 	 37.043
55972 	 35.674
55973 	 34.316
55974 	 33.031
55975 	 31.581
55976 	 30.581
55977 	 29.762
55978 	 28.405
55979 	 26.718
55980 	 24.666
55981 	 22.739
55982 	 21.482
55983 	 20.541
55984 	 20.104
55985 	 19.701
55986 	 19.007
55987 	 18.741
55988 	 18.946
55989 	 18.571
55990 	 17.739
55991 	 17.393
55992 	 16.976
55993 	 15.739
55994 	 14.389
55995 	 13.195
55996 	 12.093
55997 	 11.072
55998 	 9.674
55999 	 8.686
56000 	 7.839
56001 	 6.413
56002 	 4.966
56003 	 3.42
56004 	 1.651
56005 	 -0.106
56006 	 -1.515
56007 	 -2.657
56008 	 -3.699
56009 	 -4.514
56010 	 -4.59
56011 	 -5.0
56012 	 -5.757
56013 	 -6.691
56014 	 -7.629
56015 	 -8.133
56016 	 -8.837
56017 	 -9.56
56018 	 -10.237
56019 	 -11.375
56020 	 -12.315
56021 	 -12.939
56022 	 -13.376
56023 	 -13.766
56024 	 -13.722
56025 	 -13.139
56026 	 -12.305
56027 	 -11.628
56028 	 -10.931
56029 	 -9.902
56030 	 -8.873
56031 	 -8.019
56032 	 -7.257
56033 	 -6.354
56034 	 -5.2
56035 	 -4.216
56036 	 -3.413
56037 	 -2.878
56038 	 -2.439
56039 	 -1.548
56040 	 -0.249
56041 	 0.663
56042 	 1.336
56043 	 2.116
56044 	 3.358
56045 	 4.333
56046 	 5.25
56047 	 6.27
56048 	 7.669
56049 	 9.205
56050 	 10.508
56051 	 11.828
56052 	 13.268
56053 	 15.132
56054 	 16.326
56055 	 17.013
56056 	 17.568
56057 	 17.647
56058 	 17.665
56059 	 18.218
56060 	 19.577
56061 	 21.499
56062 	 23.632
56063 	 25.913
56064 	 27.849
56065 	 29.248
56066 	 30.336
56067 	 31.417
56068 	 32.226
56069 	 33.158
56070 	 34.138
56071 	 35.346
56072 	 36.975
56073 	 39.025
56074 	 41.087
56075 	 42.938
56076 	 44.755
56077 	 45.66
56078 	 46.276
56079 	 46.843
56080 	 47.677
56081 	 48.822
56082 	 50.123
56083 	 51.72
56084 	 53.281
56085 	 54.757
56086 	 56.518
56087 	 58.188
56088 	 59.927
56089 	 61.698
56090 	 63.541
56091 	 64.991
56092 	 65.963
56093 	 66.892
56094 	 67.534
56095 	 68.583
56096 	 70.006
56097 	 71.924
56098 	 73.693
56099 	 75.51
56100 	 77.397
56101 	 78.844
56102 	 80.795
56103 	 83.094
56104 	 85.257
56105 	 87.427
56106 	 89.498
56107 	 91.392
56108 	 92.798
56109 	 94.001
56110 	 95.552
56111 	 97.22
56112 	 98.889
56113 	 100.407
56114 	 102.365
56115 	 104.996
56116 	 107.666
56117 	 110.11
56118 	 111.861
56119 	 113.407
56120 	 114.792
56121 	 116.615
56122 	 118.254
56123 	 119.899
56124 	 121.318
56125 	 122.718
56126 	 124.354
56127 	 126.187
56128 	 127.693
56129 	 129.162
56130 	 130.723
56131 	 132.336
56132 	 133.881
56133 	 135.552
56134 	 137.21
56135 	 138.93
56136 	 140.922
56137 	 142.51
56138 	 143.441
56139 	 144.548
56140 	 145.891
56141 	 147.3
56142 	 148.482
56143 	 149.225
56144 	 149.935
56145 	 150.628
56146 	 151.391
56147 	 152.426
56148 	 153.656
56149 	 155.281
56150 	 156.903
56151 	 158.492
56152 	 160.19
56153 	 162.158
56154 	 163.366
56155 	 164.269
56156 	 165.561
56157 	 167.073
56158 	 168.555
56159 	 169.913
56160 	 171.279
56161 	 172.355
56162 	 173.411
56163 	 174.07
56164 	 174.622
56165 	 175.202
56166 	 175.608
56167 	 176.004
56168 	 176.341
56169 	 176.706
56170 	 177.1
56171 	 177.281
56172 	 176.983
56173 	 176.616
56174 	 176.296
56175 	 176.159
56176 	 176.023
56177 	 175.901
56178 	 175.869
56179 	 175.738
56180 	 175.572
56181 	 175.641
56182 	 175.981
56183 	 176.139
56184 	 176.713
56185 	 177.439
56186 	 177.817
56187 	 177.842
56188 	 177.753
56189 	 177.475
56190 	 177.152
56191 	 176.563
56192 	 176.107
56193 	 175.898
56194 	 175.631
56195 	 174.991
56196 	 173.929
56197 	 173.144
56198 	 172.129
56199 	 170.648
56200 	 169.401
56201 	 168.868
56202 	 168.522
56203 	 168.225
56204 	 168.281
56205 	 167.805
56206 	 166.838
56207 	 165.748
56208 	 164.81
56209 	 163.822
56210 	 162.63
56211 	 161.702
56212 	 160.587
56213 	 159.086
56214 	 157.636
56215 	 156.08
56216 	 154.188
56217 	 152.11
56218 	 150.676
56219 	 149.592
56220 	 148.049
56221 	 146.531
56222 	 145.398
56223 	 144.905
56224 	 145.147
56225 	 145.598
56226 	 145.953
56227 	 146.144
56228 	 145.956
56229 	 144.971
56230 	 144.095
56231 	 143.979
56232 	 143.36
56233 	 142.496
56234 	 141.499
56235 	 140.639
56236 	 139.628
56237 	 138.632
56238 	 138.082
56239 	 137.671
56240 	 137.52
56241 	 136.406
56242 	 135.091
56243 	 134.264
56244 	 133.353
56245 	 132.329
56246 	 131.245
56247 	 130.273
56248 	 129.96
56249 	 129.677
56250 	 128.912
56251 	 127.757
56252 	 126.266
56253 	 124.792
56254 	 123.666
56255 	 122.847
56256 	 121.407
56257 	 120.251
56258 	 120.107
56259 	 119.785
56260 	 119.246
56261 	 118.878
56262 	 118.463
56263 	 117.794
56264 	 116.633
56265 	 115.784
56266 	 115.219
56267 	 114.103
56268 	 112.573
56269 	 110.661
56270 	 109.555
56271 	 108.698
56272 	 107.383
56273 	 106.194
56274 	 104.778
56275 	 103.08
56276 	 101.08
56277 	 99.01
56278 	 96.873
56279 	 94.601
56280 	 93.114
56281 	 91.452
56282 	 90.011
56283 	 88.515
56284 	 87.432
56285 	 86.873
56286 	 86.377
56287 	 85.745
56288 	 84.825
56289 	 82.967
56290 	 80.704
56291 	 78.956
56292 	 77.226
56293 	 75.311
56294 	 73.263
56295 	 71.343
56296 	 70.023
56297 	 69.0
56298 	 68.165
56299 	 67.223
56300 	 66.251
56301 	 65.348
56302 	 64.418
56303 	 63.242
56304 	 61.991
56305 	 60.508
56306 	 59.252
56307 	 58.334
56308 	 57.061
56309 	 55.424
56310 	 53.896
56311 	 52.957
56312 	 51.718
56313 	 50.256
56314 	 49.362
56315 	 48.655
56316 	 47.844
56317 	 47.08
56318 	 46.328
56319 	 45.576
56320 	 44.92
56321 	 43.974
56322 	 43.052
56323 	 42.733
56324 	 42.307
56325 	 42.565
56326 	 42.556
56327 	 41.961
56328 	 40.987
56329 	 39.917
56330 	 38.911
56331 	 37.403
56332 	 36.088
56333 	 35.434
56334 	 35.162
56335 	 34.953
56336 	 34.408
56337 	 33.748
56338 	 33.854
56339 	 33.944
56340 	 33.659
56341 	 33.288
56342 	 32.983
56343 	 32.922
56344 	 32.768
56345 	 32.541
56346 	 32.011
56347 	 31.551
56348 	 30.716
56349 	 29.613
56350 	 29.181
56351 	 29.538
56352 	 30.228
56353 	 30.508
56354 	 30.81
56355 	 31.141
56356 	 31.568
56357 	 31.98
56358 	 32.861
56359 	 34.204
56360 	 35.541
56361 	 36.619
56362 	 37.638
56363 	 38.793
56364 	 39.907
56365 	 40.538
56366 	 40.952
56367 	 40.887
56368 	 40.975
56369 	 41.53
56370 	 42.428
56371 	 43.572
56372 	 44.69
56373 	 45.148
56374 	 45.636
56375 	 46.494
56376 	 47.552
56377 	 48.035
56378 	 48.589
56379 	 49.531
56380 	 50.469
56381 	 51.097
56382 	 51.465
56383 	 51.243
56384 	 50.849
56385 	 50.91
56386 	 51.45
56387 	 52.286
56388 	 52.841
56389 	 53.079
56390 	 53.489
56391 	 54.072
56392 	 54.962
56393 	 55.508
56394 	 55.501
56395 	 55.436
56396 	 55.457
56397 	 55.562
56398 	 55.865
56399 	 56.437
56400 	 57.487
56401 	 58.643
56402 	 59.379
56403 	 59.982
56404 	 60.976
56405 	 61.979
56406 	 62.952
56407 	 63.869
56408 	 64.803
56409 	 65.665
56410 	 66.063
56411 	 66.852
56412 	 67.865
56413 	 69.025
56414 	 70.527
56415 	 72.161
56416 	 73.905
56417 	 75.392
56418 	 76.739
56419 	 77.687
56420 	 78.725
56421 	 80.078
56422 	 81.684
56423 	 84.152
56424 	 86.383
56425 	 88.34
56426 	 89.529
56427 	 90.703
56428 	 91.108
56429 	 91.561
56430 	 92.183
56431 	 93.244
56432 	 94.778
56433 	 96.646
56434 	 98.087
56435 	 99.424
56436 	 100.672
56437 	 101.496
56438 	 102.284
56439 	 102.837
56440 	 103.468
56441 	 104.057
56442 	 104.772
56443 	 106.25
56444 	 108.26
56445 	 110.238
56446 	 111.88
56447 	 113.287
56448 	 114.222
56449 	 114.604
56450 	 114.997
56451 	 115.635
56452 	 116.268
56453 	 117.307
56454 	 118.21
56455 	 119.114
56456 	 120.642
56457 	 122.357
56458 	 123.862
56459 	 125.637
56460 	 127.327
56461 	 129.251
56462 	 131.165
56463 	 132.622
56464 	 134.144
56465 	 135.348
56466 	 136.112
56467 	 136.395
56468 	 136.903
56469 	 137.507
56470 	 137.909
56471 	 138.669
56472 	 140.149
56473 	 141.473
56474 	 142.539
56475 	 144.023
56476 	 145.661
56477 	 146.693
56478 	 147.627
56479 	 148.912
56480 	 150.303
56481 	 151.516
56482 	 152.96
56483 	 154.497
56484 	 156.047
56485 	 156.842
56486 	 157.999
56487 	 159.031
56488 	 159.869
56489 	 160.867
56490 	 161.806
56491 	 162.51
56492 	 162.87
56493 	 163.78
56494 	 164.543
56495 	 164.73
56496 	 165.231
56497 	 165.974
56498 	 166.323
56499 	 166.728
56500 	 167.633
56501 	 168.716
56502 	 169.699
56503 	 170.573
56504 	 171.2
56505 	 171.584
56506 	 171.43
56507 	 171.752
56508 	 172.18
56509 	 172.376
56510 	 172.494
56511 	 172.699
56512 	 173.404
56513 	 173.693
56514 	 173.874
56515 	 173.973
56516 	 173.727
56517 	 173.596
56518 	 173.664
56519 	 173.73
56520 	 173.632
56521 	 173.307
56522 	 173.225
56523 	 173.145
56524 	 173.084
56525 	 172.378
56526 	 171.662
56527 	 170.58
56528 	 169.716
56529 	 169.112
56530 	 168.864
56531 	 168.452
56532 	 168.403
56533 	 168.158
56534 	 167.666
56535 	 166.524
56536 	 165.762
56537 	 165.522
56538 	 165.319
56539 	 164.795
56540 	 164.319
56541 	 164.302
56542 	 163.914
56543 	 163.487
56544 	 162.93
56545 	 162.046
56546 	 161.079
56547 	 159.894
56548 	 158.658
56549 	 157.686
56550 	 157.285
56551 	 157.114
56552 	 156.544
56553 	 155.359
56554 	 153.916
56555 	 152.835
56556 	 151.468
56557 	 149.277
56558 	 146.634
56559 	 144.771
56560 	 143.504
56561 	 142.035
56562 	 140.873
56563 	 139.511
56564 	 137.665
56565 	 135.471
56566 	 132.996
56567 	 130.959
56568 	 129.438
56569 	 128.473
56570 	 127.962
56571 	 126.768
56572 	 124.795
56573 	 123.114
56574 	 121.82
56575 	 120.522
56576 	 118.673
56577 	 116.765
56578 	 115.03
56579 	 113.802
56580 	 112.811
56581 	 111.762
56582 	 110.237
56583 	 108.365
56584 	 105.949
56585 	 103.699
56586 	 101.715
56587 	 99.901
56588 	 98.499
56589 	 96.899
56590 	 94.999
56591 	 93.349
56592 	 92.33
56593 	 91.798
56594 	 91.203
56595 	 90.463
56596 	 89.562
56597 	 88.054
56598 	 86.765
56599 	 85.485
56600 	 84.398
56601 	 83.118
56602 	 81.773
56603 	 81.1
56604 	 79.915
56605 	 77.91
56606 	 76.178
56607 	 74.778
56608 	 73.613
56609 	 73.066
56610 	 72.519
56611 	 71.889
56612 	 70.307
56613 	 68.331
56614 	 66.609
56615 	 65.136
56616 	 63.662
56617 	 62.281
56618 	 61.361
56619 	 60.916
56620 	 60.132
56621 	 59.463
56622 	 59.054
56623 	 58.488
56624 	 57.838
56625 	 57.425
56626 	 57.543
56627 	 57.914
56628 	 57.839
56629 	 57.194
56630 	 56.918
56631 	 57.14
56632 	 57.071
56633 	 56.992
56634 	 56.938
56635 	 57.219
56636 	 57.085
56637 	 56.894
56638 	 56.884
56639 	 56.551
56640 	 55.765
56641 	 54.607
56642 	 53.207
56643 	 51.747
56644 	 49.948
56645 	 48.273
56646 	 47.064
56647 	 46.035
56648 	 45.171
56649 	 44.273
56650 	 43.536
56651 	 42.681
56652 	 41.817
56653 	 41.024
56654 	 40.472
56655 	 40.086
56656 	 39.58
56657 	 38.942
56658 	 38.625
56659 	 38.411
56660 	 37.804
56661 	 37.059
56662 	 36.698
56663 	 36.122
56664 	 35.263
56665 	 34.235
56666 	 33.904
56667 	 33.577
56668 	 32.842
56669 	 31.625
56670 	 30.24
56671 	 29.382
56672 	 28.56
56673 	 27.405
56674 	 26.585
56675 	 25.858
56676 	 24.785
56677 	 23.705
56678 	 23.636
56679 	 24.05
56680 	 24.359
56681 	 24.502
56682 	 24.346
56683 	 24.091
56684 	 24.192
56685 	 24.382
56686 	 24.523
56687 	 24.56
56688 	 24.272
56689 	 23.72
56690 	 23.527
56691 	 23.561
56692 	 23.735
56693 	 23.864
56694 	 24.364
56695 	 24.526
56696 	 24.479
56697 	 24.393
56698 	 24.197
56699 	 24.04
56700 	 23.543
56701 	 22.785
56702 	 22.059
56703 	 21.459
56704 	 21.003
56705 	 20.474
56706 	 19.775
56707 	 19.852
56708 	 20.092
56709 	 20.334
56710 	 20.535
56711 	 20.713
56712 	 20.489
56713 	 19.581
56714 	 18.713
56715 	 18.762
56716 	 19.281
56717 	 19.851
56718 	 20.242
56719 	 20.43
56720 	 20.506
56721 	 20.362
56722 	 20.424
56723 	 20.313
56724 	 20.135
56725 	 19.846
56726 	 19.509
56727 	 19.197
56728 	 19.42
56729 	 20.234
56730 	 21.455
56731 	 22.504
56732 	 23.637
56733 	 24.47
56734 	 24.858
56735 	 25.303
56736 	 26.121
56737 	 27.395
56738 	 28.278
56739 	 29.408
56740 	 30.866
56741 	 32.258
56742 	 33.605
56743 	 34.995
56744 	 36.741
56745 	 38.453
56746 	 40.414
56747 	 42.244
56748 	 43.621
56749 	 44.738
56750 	 45.494
56751 	 45.956
56752 	 46.317
56753 	 46.765
56754 	 47.654
56755 	 49.103
56756 	 50.693
56757 	 52.161
56758 	 53.265
56759 	 54.207
56760 	 54.917
56761 	 55.763
56762 	 56.648
56763 	 57.283
56764 	 58.233
56765 	 59.547
56766 	 60.235
56767 	 60.944
56768 	 62.152
56769 	 63.753
56770 	 65.273
56771 	 66.868
56772 	 68.557
56773 	 70.301
56774 	 71.794
56775 	 72.95
56776 	 74.283
56777 	 76.09
56778 	 77.991
56779 	 79.707
56780 	 81.701
56781 	 83.839
56782 	 85.302
56783 	 86.169
56784 	 87.354
56785 	 88.953
56786 	 90.41
56787 	 91.448
56788 	 93.022
56789 	 95.388
56790 	 97.793
56791 	 99.835
56792 	 101.38
56793 	 102.773
56794 	 103.974
56795 	 104.886
56796 	 105.789
56797 	 107.192
56798 	 108.971
56799 	 110.876
56800 	 112.186
56801 	 113.624
56802 	 115.166
56803 	 116.676
56804 	 117.995
56805 	 120.028
56806 	 122.722
56807 	 125.448
56808 	 127.792
56809 	 129.432
56810 	 130.659
56811 	 131.623
56812 	 132.92
56813 	 134.409
56814 	 136.298
56815 	 138.445
56816 	 140.269
56817 	 142.155
56818 	 143.882
56819 	 145.712
56820 	 147.454
56821 	 149.072
56822 	 150.687
56823 	 152.467
56824 	 154.205
56825 	 155.906
56826 	 157.273
56827 	 158.483
56828 	 159.844
56829 	 160.902
56830 	 161.798
56831 	 163.185
56832 	 164.706
56833 	 166.035
56834 	 166.814
56835 	 167.41
56836 	 168.082
56837 	 168.84
56838 	 169.594
56839 	 170.517
56840 	 171.839
56841 	 173.207
56842 	 174.537
56843 	 175.544
56844 	 176.331
56845 	 176.963
56846 	 177.568
56847 	 178.334
56848 	 179.003
56849 	 179.999
56850 	 181.095
56851 	 181.992
56852 	 182.71
56853 	 183.128
56854 	 183.572
56855 	 184.004
56856 	 184.324
56857 	 185.282
56858 	 186.442
56859 	 187.768
56860 	 188.776
56861 	 189.33
56862 	 189.604
56863 	 189.957
56864 	 190.306
56865 	 190.886
56866 	 191.948
56867 	 193.134
56868 	 194.129
56869 	 194.675
56870 	 195.457
56871 	 196.024
56872 	 196.578
56873 	 197.529
56874 	 198.517
56875 	 199.814
56876 	 201.138
56877 	 202.11
56878 	 203.072
56879 	 204.233
56880 	 205.434
56881 	 206.552
56882 	 207.344
56883 	 207.916
56884 	 208.768
56885 	 209.644
56886 	 210.184
56887 	 210.356
56888 	 209.991
56889 	 209.665
56890 	 209.518
56891 	 209.65
56892 	 209.523
56893 	 209.522
56894 	 209.484
56895 	 209.253
56896 	 209.076
56897 	 208.912
56898 	 209.008
56899 	 209.416
56900 	 209.545
56901 	 209.595
56902 	 209.626
56903 	 209.207
56904 	 208.955
56905 	 209.032
56906 	 209.219
56907 	 209.087
56908 	 208.577
56909 	 207.97
56910 	 207.057
56911 	 205.694
56912 	 204.722
56913 	 203.675
56914 	 203.262
56915 	 203.044
56916 	 202.683
56917 	 201.948
56918 	 201.114
56919 	 200.44
56920 	 199.649
56921 	 198.822
56922 	 198.177
56923 	 197.695
56924 	 196.653
56925 	 196.227
56926 	 195.457
56927 	 194.278
56928 	 193.09
56929 	 192.102
56930 	 190.837
56931 	 189.281
56932 	 187.923
56933 	 186.357
56934 	 184.573
56935 	 182.934
56936 	 180.736
56937 	 178.466
56938 	 176.371
56939 	 174.483
56940 	 172.103
56941 	 169.442
56942 	 167.003
56943 	 164.792
56944 	 163.125
56945 	 161.791
56946 	 160.324
56947 	 158.854
56948 	 157.609
56949 	 156.166
56950 	 154.882
56951 	 153.538
56952 	 152.544
56953 	 151.239
56954 	 149.41
56955 	 147.282
56956 	 144.735
56957 	 142.502
56958 	 140.629
56959 	 138.839
56960 	 137.045
56961 	 134.899
56962 	 132.51
56963 	 130.131
56964 	 128.037
56965 	 126.501
56966 	 125.128
56967 	 123.775
56968 	 122.213
56969 	 120.675
56970 	 118.672
56971 	 116.077
56972 	 113.418
56973 	 111.204
56974 	 109.956
56975 	 109.004
56976 	 107.378
56977 	 105.134
56978 	 103.088
56979 	 101.164
56980 	 98.786
56981 	 96.569
56982 	 94.763
56983 	 92.996
56984 	 91.01
56985 	 89.436
56986 	 88.52
56987 	 87.483
56988 	 86.929
56989 	 86.434
56990 	 85.125
56991 	 83.13
56992 	 80.966
56993 	 78.974
56994 	 76.865
56995 	 74.702
56996 	 73.004
56997 	 72.013
56998 	 70.768
56999 	 69.509
57000 	 67.62
57001 	 65.125
57002 	 62.785
57003 	 60.531
57004 	 58.291
57005 	 55.689
57006 	 52.981
57007 	 50.204
57008 	 47.309
57009 	 44.749
57010 	 43.326
57011 	 42.125
57012 	 40.801
57013 	 39.547
57014 	 38.609
57015 	 37.843
57016 	 37.16
57017 	 36.174
57018 	 35.201
57019 	 34.631
57020 	 34.265
57021 	 33.568
57022 	 32.223
57023 	 30.695
57024 	 29.535
57025 	 28.852
57026 	 28.659
57027 	 28.436
57028 	 27.941
57029 	 27.106
57030 	 25.808
57031 	 24.562
57032 	 23.502
57033 	 22.549
57034 	 21.527
57035 	 20.409
