51556 	 374.871
51557 	 374.991
51558 	 375.073
51559 	 374.963
51560 	 375.013
51561 	 375.187
51562 	 375.908
51563 	 375.867
51564 	 376.106
51565 	 376.466
51566 	 377.019
51567 	 377.371
51568 	 377.605
51569 	 377.523
51570 	 377.104
51571 	 376.888
51572 	 376.64
51573 	 376.311
51574 	 376.21
51575 	 375.764
51576 	 375.204
51577 	 374.563
51578 	 373.981
51579 	 373.381
51580 	 372.895
51581 	 372.475
51582 	 372.129
51583 	 372.097
51584 	 371.94
51585 	 371.392
51586 	 370.96
51587 	 370.34
51588 	 369.946
51589 	 369.514
51590 	 368.965
51591 	 368.647
51592 	 368.571
51593 	 368.542
51594 	 368.395
51595 	 368.272
51596 	 367.564
51597 	 366.973
51598 	 366.276
51599 	 365.512
51600 	 364.489
51601 	 363.666
51602 	 362.775
51603 	 362.125
51604 	 361.616
51605 	 361.104
51606 	 360.61
51607 	 360.414
51608 	 360.535
51609 	 360.166
51610 	 359.999
51611 	 359.855
51612 	 359.399
51613 	 359.049
51614 	 358.815
51615 	 358.957
51616 	 358.646
51617 	 358.204
51618 	 357.418
51619 	 356.42
51620 	 355.799
51621 	 354.954
51622 	 354.172
51623 	 353.205
51624 	 352.673
51625 	 352.471
51626 	 351.743
51627 	 351.189
51628 	 350.695
51629 	 349.799
51630 	 348.856
51631 	 348.178
51632 	 347.435
51633 	 346.488
51634 	 346.126
51635 	 346.061
51636 	 346.32
51637 	 346.647
51638 	 347.082
51639 	 347.143
51640 	 346.919
51641 	 346.353
51642 	 345.818
51643 	 345.231
51644 	 344.341
51645 	 343.534
51646 	 343.409
51647 	 343.411
51648 	 343.673
51649 	 343.986
51650 	 344.331
51651 	 344.301
51652 	 344.198
51653 	 343.973
51654 	 343.225
51655 	 342.565
51656 	 341.903
51657 	 340.963
51658 	 340.23
51659 	 339.736
51660 	 339.378
51661 	 338.986
51662 	 338.79
51663 	 338.522
51664 	 338.017
51665 	 337.532
51666 	 337.245
51667 	 336.866
51668 	 336.192
51669 	 335.016
51670 	 333.928
51671 	 333.122
51672 	 332.071
51673 	 330.997
51674 	 330.222
51675 	 329.786
51676 	 329.743
51677 	 329.725
51678 	 329.858
51679 	 329.836
51680 	 329.436
51681 	 328.621
51682 	 327.809
51683 	 327.219
51684 	 326.704
51685 	 326.295
51686 	 325.813
51687 	 324.964
51688 	 323.558
51689 	 322.523
51690 	 321.709
51691 	 320.982
51692 	 320.301
51693 	 319.487
51694 	 318.903
51695 	 318.226
51696 	 317.643
51697 	 316.737
51698 	 315.668
51699 	 314.688
51700 	 313.739
51701 	 312.822
51702 	 312.03
51703 	 311.329
51704 	 310.501
51705 	 309.184
51706 	 307.665
51707 	 306.193
51708 	 305.075
51709 	 303.785
51710 	 302.616
51711 	 301.386
51712 	 300.375
51713 	 299.442
51714 	 297.909
51715 	 296.247
51716 	 294.504
51717 	 292.734
51718 	 290.95
51719 	 289.269
51720 	 288.074
51721 	 286.83
51722 	 285.481
51723 	 284.098
51724 	 283.079
51725 	 281.805
51726 	 280.109
51727 	 278.752
51728 	 277.637
51729 	 276.473
51730 	 275.685
51731 	 274.941
51732 	 274.116
51733 	 273.402
51734 	 272.972
51735 	 272.208
51736 	 271.613
51737 	 270.534
51738 	 269.478
51739 	 268.223
51740 	 267.224
51741 	 265.984
51742 	 265.027
51743 	 264.133
51744 	 263.129
51745 	 261.735
51746 	 260.34
51747 	 259.256
51748 	 258.376
51749 	 257.108
51750 	 256.261
51751 	 255.796
51752 	 255.342
51753 	 254.846
51754 	 254.203
51755 	 253.5
51756 	 252.614
51757 	 251.926
51758 	 251.35
51759 	 250.926
51760 	 250.533
51761 	 249.907
51762 	 249.25
51763 	 248.705
51764 	 248.329
51765 	 247.985
51766 	 247.712
51767 	 247.447
51768 	 246.574
51769 	 245.841
51770 	 245.259
51771 	 244.767
51772 	 244.294
51773 	 244.277
51774 	 244.289
51775 	 244.415
51776 	 244.21
51777 	 244.069
51778 	 243.836
51779 	 243.576
51780 	 243.283
51781 	 242.833
51782 	 242.98
51783 	 242.954
51784 	 242.678
51785 	 242.385
51786 	 242.02
51787 	 241.838
51788 	 242.016
51789 	 242.121
51790 	 242.052
51791 	 242.208
51792 	 242.258
51793 	 242.32
51794 	 242.166
51795 	 241.767
51796 	 241.347
51797 	 240.621
51798 	 240.222
51799 	 239.906
51800 	 239.634
51801 	 239.787
51802 	 239.916
51803 	 240.022
51804 	 240.015
51805 	 240.526
51806 	 241.222
51807 	 242.265
51808 	 243.294
51809 	 243.81
51810 	 243.669
51811 	 243.572
51812 	 243.639
51813 	 243.714
51814 	 244.1
51815 	 244.683
51816 	 245.702
51817 	 246.566
51818 	 247.135
51819 	 247.786
51820 	 248.486
51821 	 248.977
51822 	 249.524
51823 	 250.125
51824 	 250.552
51825 	 250.708
51826 	 251.06
51827 	 251.898
51828 	 253.145
51829 	 254.828
51830 	 256.585
51831 	 258.129
51832 	 259.351
51833 	 260.496
51834 	 261.189
51835 	 262.038
51836 	 262.804
51837 	 263.626
51838 	 264.584
51839 	 265.507
51840 	 266.93
51841 	 268.602
51842 	 270.088
51843 	 271.814
51844 	 273.705
51845 	 275.161
51846 	 276.439
51847 	 278.395
51848 	 280.815
51849 	 282.867
51850 	 284.365
51851 	 286.178
51852 	 287.857
51853 	 289.39
51854 	 291.272
51855 	 293.583
51856 	 295.889
51857 	 297.999
51858 	 299.623
51859 	 300.859
51860 	 301.79
51861 	 303.416
51862 	 305.461
51863 	 307.209
51864 	 308.677
51865 	 309.937
51866 	 311.678
51867 	 313.629
51868 	 315.766
51869 	 318.17
51870 	 320.485
51871 	 322.508
51872 	 324.3
51873 	 326.015
51874 	 327.843
51875 	 329.906
51876 	 331.758
51877 	 333.52
51878 	 335.367
51879 	 337.16
51880 	 338.938
51881 	 340.656
51882 	 342.253
51883 	 343.996
51884 	 345.538
51885 	 347.259
51886 	 349.206
51887 	 351.179
51888 	 352.915
51889 	 354.191
51890 	 355.623
51891 	 357.131
51892 	 359.26
51893 	 361.383
51894 	 363.63
51895 	 365.887
51896 	 368.191
51897 	 369.885
51898 	 371.768
51899 	 374.025
51900 	 376.45
51901 	 379.162
51902 	 381.643
51903 	 384.328
51904 	 386.679
51905 	 388.96
51906 	 390.943
51907 	 392.853
51908 	 394.769
51909 	 396.478
51910 	 398.095
51911 	 399.806
51912 	 401.864
51913 	 403.84
51914 	 405.333
51915 	 406.725
51916 	 408.041
51917 	 409.479
51918 	 410.814
51919 	 412.336
51920 	 414.004
51921 	 416.12
51922 	 418.251
51923 	 420.226
51924 	 422.044
51925 	 423.541
51926 	 425.076
51927 	 426.438
51928 	 428.009
51929 	 429.38
51930 	 430.418
51931 	 431.19
51932 	 432.515
51933 	 434.299
51934 	 436.048
51935 	 438.026
51936 	 439.812
51937 	 441.607
51938 	 443.509
51939 	 444.974
51940 	 446.396
51941 	 447.325
51942 	 448.06
51943 	 448.868
51944 	 449.525
51945 	 450.44
51946 	 451.811
51947 	 453.129
51948 	 454.738
51949 	 456.415
51950 	 457.716
51951 	 459.25
51952 	 459.847
51953 	 460.7
51954 	 462.062
51955 	 463.391
51956 	 464.796
51957 	 466.027
51958 	 467.304
51959 	 468.393
51960 	 469.468
51961 	 470.907
51962 	 472.215
51963 	 474.111
51964 	 475.95
51965 	 477.59
51966 	 478.908
51967 	 480.194
51968 	 481.242
51969 	 482.299
51970 	 482.873
51971 	 483.317
51972 	 483.895
51973 	 484.691
51974 	 485.505
51975 	 485.567
51976 	 485.696
51977 	 485.572
51978 	 485.468
51979 	 485.59
51980 	 485.669
51981 	 485.835
51982 	 486.209
51983 	 486.623
51984 	 486.701
51985 	 487.265
51986 	 487.517
51987 	 487.938
51988 	 488.661
51989 	 489.127
51990 	 489.22
51991 	 489.627
51992 	 490.171
51993 	 490.661
51994 	 491.045
51995 	 491.3
51996 	 491.316
51997 	 491.268
51998 	 491.079
51999 	 490.486
52000 	 489.891
52001 	 489.314
52002 	 489.04
52003 	 488.44
52004 	 487.414
52005 	 486.738
52006 	 486.582
52007 	 486.51
52008 	 485.965
52009 	 484.927
52010 	 484.015
52011 	 483.287
52012 	 483.028
52013 	 482.256
52014 	 481.258
52015 	 480.432
52016 	 479.429
52017 	 478.701
52018 	 478.258
52019 	 477.84
52020 	 477.092
52021 	 476.196
52022 	 475.509
52023 	 474.887
52024 	 473.888
52025 	 472.43
52026 	 471.26
52027 	 469.68
52028 	 468.247
52029 	 466.474
52030 	 464.502
52031 	 462.656
52032 	 461.377
52033 	 460.381
52034 	 458.755
52035 	 456.783
52036 	 454.616
52037 	 452.385
52038 	 450.21
52039 	 447.997
52040 	 445.818
52041 	 444.156
52042 	 442.735
52043 	 440.993
52044 	 438.827
52045 	 436.472
52046 	 433.81
52047 	 430.859
52048 	 428.087
52049 	 425.349
52050 	 422.645
52051 	 420.355
52052 	 418.261
52053 	 415.725
52054 	 413.349
52055 	 410.594
52056 	 407.537
52057 	 404.589
52058 	 401.915
52059 	 399.359
52060 	 396.8
52061 	 394.237
52062 	 391.518
52063 	 388.622
52064 	 385.679
52065 	 382.729
52066 	 380.067
52067 	 377.402
52068 	 374.857
52069 	 372.667
52070 	 370.282
52071 	 367.616
52072 	 364.819
52073 	 361.794
52074 	 358.621
52075 	 355.434
52076 	 352.484
52077 	 349.751
52078 	 346.743
52079 	 343.768
52080 	 340.897
52081 	 337.899
52082 	 335.095
52083 	 332.056
52084 	 328.995
52085 	 325.952
52086 	 322.776
52087 	 319.902
52088 	 317.128
52089 	 314.177
52090 	 310.888
52091 	 307.81
52092 	 304.573
52093 	 301.28
52094 	 298.265
52095 	 295.688
52096 	 292.961
52097 	 290.226
52098 	 287.569
52099 	 284.336
52100 	 280.89
52101 	 277.734
52102 	 274.891
52103 	 271.844
52104 	 269.055
52105 	 265.886
52106 	 262.536
52107 	 259.21
52108 	 256.049
52109 	 252.919
52110 	 249.822
52111 	 246.726
52112 	 243.67
52113 	 240.773
52114 	 238.097
52115 	 235.525
52116 	 232.861
52117 	 230.046
52118 	 227.022
52119 	 223.938
52120 	 220.905
52121 	 218.036
52122 	 215.812
52123 	 213.706
52124 	 211.638
52125 	 208.922
52126 	 205.942
52127 	 203.319
52128 	 200.922
52129 	 198.738
52130 	 196.708
52131 	 194.253
52132 	 191.715
52133 	 188.951
52134 	 186.355
52135 	 183.869
52136 	 181.383
52137 	 179.249
52138 	 177.035
52139 	 174.825
52140 	 172.488
52141 	 170.525
52142 	 168.365
52143 	 166.047
52144 	 164.135
52145 	 162.319
52146 	 160.433
52147 	 158.273
52148 	 156.154
52149 	 154.149
52150 	 152.565
52151 	 151.088
52152 	 150.184
52153 	 149.322
52154 	 148.056
52155 	 146.473
52156 	 144.997
52157 	 143.013
52158 	 140.847
52159 	 139.324
52160 	 137.944
52161 	 136.953
52162 	 135.817
52163 	 134.614
52164 	 133.42
52165 	 132.301
52166 	 131.183
52167 	 130.049
52168 	 129.252
52169 	 128.302
52170 	 127.584
52171 	 126.693
52172 	 126.131
52173 	 125.594
52174 	 125.083
52175 	 124.46
52176 	 123.455
52177 	 122.211
52178 	 121.069
52179 	 120.026
52180 	 119.164
52181 	 118.71
52182 	 118.297
52183 	 117.977
52184 	 117.811
52185 	 117.662
52186 	 117.488
52187 	 117.56
52188 	 117.875
52189 	 117.982
52190 	 117.919
52191 	 117.88
52192 	 117.781
52193 	 117.373
52194 	 117.359
52195 	 117.694
52196 	 117.804
52197 	 118.44
52198 	 119.03
52199 	 119.639
52200 	 119.974
52201 	 120.528
52202 	 121.113
52203 	 121.95
52204 	 122.876
52205 	 123.839
52206 	 124.706
52207 	 125.825
52208 	 126.984
52209 	 128.301
52210 	 129.23
52211 	 130.425
52212 	 131.496
52213 	 132.664
52214 	 133.861
52215 	 134.963
52216 	 135.991
52217 	 137.004
52218 	 137.998
52219 	 139.382
52220 	 141.051
52221 	 142.86
52222 	 145.143
52223 	 147.696
52224 	 150.069
52225 	 152.724
52226 	 155.335
52227 	 157.488
52228 	 159.278
52229 	 160.857
52230 	 162.781
52231 	 164.622
52232 	 166.608
52233 	 168.702
52234 	 170.699
52235 	 173.109
52236 	 175.818
52237 	 178.32
52238 	 180.707
52239 	 183.323
52240 	 185.71
52241 	 188.101
52242 	 190.409
52243 	 192.945
52244 	 195.719
52245 	 198.252
52246 	 200.385
52247 	 202.51
52248 	 205.343
52249 	 208.683
52250 	 211.94
52251 	 214.601
52252 	 217.014
52253 	 219.732
52254 	 222.735
52255 	 225.535
52256 	 228.098
52257 	 230.602
52258 	 233.332
52259 	 235.945
52260 	 238.77
52261 	 241.642
52262 	 244.995
52263 	 248.56
52264 	 251.974
52265 	 255.526
52266 	 259.108
52267 	 262.625
52268 	 266.496
52269 	 270.573
52270 	 274.824
52271 	 278.732
52272 	 282.445
52273 	 286.626
52274 	 290.471
52275 	 294.107
52276 	 297.92
52277 	 301.07
52278 	 303.809
52279 	 306.633
52280 	 309.664
52281 	 312.922
52282 	 315.67
52283 	 318.387
52284 	 321.327
52285 	 324.311
52286 	 327.567
52287 	 330.647
52288 	 333.659
52289 	 336.962
52290 	 339.887
52291 	 343.101
52292 	 346.269
52293 	 349.408
52294 	 352.433
52295 	 355.441
52296 	 358.602
52297 	 362.003
52298 	 365.519
52299 	 368.884
52300 	 372.323
52301 	 375.666
52302 	 378.964
52303 	 382.324
52304 	 385.321
52305 	 388.424
52306 	 391.716
52307 	 394.941
52308 	 398.091
52309 	 401.103
52310 	 403.73
52311 	 406.598
52312 	 409.646
52313 	 412.583
52314 	 415.569
52315 	 418.994
52316 	 422.653
52317 	 425.954
52318 	 428.984
52319 	 431.93
52320 	 434.716
52321 	 437.262
52322 	 439.961
52323 	 442.534
52324 	 445.458
52325 	 448.15
52326 	 450.975
52327 	 454.163
52328 	 457.354
52329 	 460.936
52330 	 463.939
52331 	 467.077
52332 	 470.409
52333 	 473.663
52334 	 476.748
52335 	 479.911
52336 	 483.124
52337 	 486.109
52338 	 489.179
52339 	 491.939
52340 	 494.567
52341 	 497.244
52342 	 499.847
52343 	 502.663
52344 	 505.392
52345 	 507.801
52346 	 509.964
52347 	 512.402
52348 	 514.508
52349 	 516.617
52350 	 518.766
52351 	 520.428
52352 	 522.477
52353 	 524.217
52354 	 525.854
52355 	 527.713
52356 	 529.397
52357 	 530.826
52358 	 532.442
52359 	 534.244
52360 	 536.048
52361 	 537.526
52362 	 538.781
52363 	 539.711
52364 	 540.454
52365 	 540.991
52366 	 541.407
52367 	 541.916
52368 	 543.087
52369 	 544.475
52370 	 546.005
52371 	 547.255
52372 	 548.173
52373 	 548.795
52374 	 549.518
52375 	 549.851
52376 	 550.515
52377 	 551.493
52378 	 552.041
52379 	 552.774
52380 	 553.451
52381 	 553.89
52382 	 554.4
52383 	 554.742
52384 	 555.043
52385 	 555.211
52386 	 555.2
52387 	 555.049
52388 	 554.805
52389 	 554.685
52390 	 554.481
52391 	 554.125
52392 	 553.418
52393 	 553.121
52394 	 552.809
52395 	 552.746
52396 	 552.45
52397 	 552.148
52398 	 552.065
52399 	 551.914
52400 	 551.849
52401 	 551.445
52402 	 550.976
52403 	 550.121
52404 	 549.311
52405 	 549.055
52406 	 548.65
52407 	 547.859
52408 	 547.001
52409 	 545.798
52410 	 544.307
52411 	 542.528
52412 	 541.399
52413 	 540.636
52414 	 540.125
52415 	 539.707
52416 	 539.079
52417 	 538.173
52418 	 537.192
52419 	 536.2
52420 	 535.178
52421 	 533.996
52422 	 532.905
52423 	 531.671
52424 	 530.288
52425 	 528.792
52426 	 527.276
52427 	 525.502
52428 	 523.596
52429 	 521.834
52430 	 520.219
52431 	 518.677
52432 	 516.983
52433 	 515.276
52434 	 513.684
52435 	 512.029
52436 	 510.117
52437 	 508.078
52438 	 505.967
52439 	 504.169
52440 	 502.465
52441 	 500.378
52442 	 498.025
52443 	 495.553
52444 	 493.051
52445 	 490.721
52446 	 488.984
52447 	 487.012
52448 	 484.612
52449 	 482.12
52450 	 479.496
52451 	 476.554
52452 	 473.468
52453 	 470.314
52454 	 467.45
52455 	 464.699
52456 	 461.846
52457 	 458.778
52458 	 455.789
52459 	 452.933
52460 	 449.875
52461 	 446.637
52462 	 442.949
52463 	 439.738
52464 	 436.567
52465 	 433.469
52466 	 430.601
52467 	 427.723
52468 	 424.693
52469 	 421.598
52470 	 418.473
52471 	 415.699
52472 	 413.001
52473 	 410.458
52474 	 408.415
52475 	 405.9
52476 	 403.009
52477 	 399.922
52478 	 397.189
52479 	 394.323
52480 	 391.311
52481 	 388.185
52482 	 384.632
52483 	 380.795
52484 	 377.043
52485 	 373.423
52486 	 370.069
52487 	 366.988
52488 	 364.409
52489 	 361.81
52490 	 359.173
52491 	 356.614
52492 	 353.621
52493 	 350.416
52494 	 347.577
52495 	 345.017
52496 	 342.511
52497 	 339.986
52498 	 337.124
52499 	 333.928
52500 	 331.064
52501 	 328.379
52502 	 325.788
52503 	 323.216
52504 	 320.502
52505 	 317.811
52506 	 314.894
52507 	 311.945
52508 	 308.911
52509 	 305.649
52510 	 302.336
52511 	 298.938
52512 	 295.356
52513 	 291.924
52514 	 288.539
52515 	 285.68
52516 	 282.551
52517 	 279.436
52518 	 276.297
52519 	 273.045
52520 	 269.897
52521 	 266.788
52522 	 263.804
52523 	 260.749
52524 	 258.164
52525 	 255.874
52526 	 253.396
52527 	 250.652
52528 	 248.251
52529 	 245.737
52530 	 242.95
52531 	 239.875
52532 	 236.859
52533 	 234.741
52534 	 232.833
52535 	 231.111
52536 	 229.361
52537 	 227.448
52538 	 225.159
52539 	 222.972
52540 	 220.649
52541 	 218.067
52542 	 215.654
52543 	 213.319
52544 	 211.099
52545 	 208.782
52546 	 206.136
52547 	 203.428
52548 	 200.669
52549 	 198.37
52550 	 195.796
52551 	 193.644
52552 	 191.558
52553 	 189.506
52554 	 187.399
52555 	 185.214
52556 	 182.961
52557 	 180.845
52558 	 179.135
52559 	 177.116
52560 	 175.299
52561 	 173.675
52562 	 171.858
52563 	 170.301
52564 	 169.015
52565 	 167.978
52566 	 166.908
52567 	 165.623
52568 	 164.148
52569 	 162.883
52570 	 161.621
52571 	 160.26
52572 	 158.626
52573 	 156.895
52574 	 155.503
52575 	 154.154
52576 	 153.058
52577 	 152.29
52578 	 151.75
52579 	 150.889
52580 	 150.251
52581 	 149.53
52582 	 149.177
52583 	 148.515
52584 	 147.705
52585 	 147.181
52586 	 146.285
52587 	 145.679
52588 	 145.095
52589 	 144.758
52590 	 144.442
52591 	 144.006
52592 	 143.902
52593 	 143.891
52594 	 143.862
52595 	 143.95
52596 	 143.346
52597 	 142.825
52598 	 142.296
52599 	 141.807
52600 	 141.715
52601 	 141.921
52602 	 142.141
52603 	 142.322
52604 	 142.308
52605 	 142.172
52606 	 141.847
52607 	 141.705
52608 	 141.58
52609 	 141.432
52610 	 141.369
52611 	 141.69
52612 	 142.363
52613 	 143.326
52614 	 144.458
52615 	 145.777
52616 	 147.012
52617 	 147.79
52618 	 149.247
52619 	 150.767
52620 	 152.544
52621 	 153.885
52622 	 155.06
52623 	 156.073
52624 	 156.751
52625 	 157.544
52626 	 158.506
52627 	 159.964
52628 	 161.873
52629 	 164.238
52630 	 166.664
52631 	 168.829
52632 	 171.068
52633 	 173.428
52634 	 175.403
52635 	 177.018
52636 	 178.994
52637 	 181.392
52638 	 183.429
52639 	 185.7
52640 	 188.136
52641 	 190.449
52642 	 192.855
52643 	 195.433
52644 	 197.637
52645 	 199.542
52646 	 201.423
52647 	 203.581
52648 	 205.623
52649 	 208.112
52650 	 210.59
52651 	 212.902
52652 	 214.991
52653 	 217.102
52654 	 219.412
52655 	 221.767
52656 	 224.328
52657 	 226.73
52658 	 229.01
52659 	 231.181
52660 	 233.614
52661 	 236.493
52662 	 239.989
52663 	 242.675
52664 	 245.044
52665 	 247.191
52666 	 249.505
52667 	 252.277
52668 	 255.314
52669 	 258.471
52670 	 261.553
52671 	 264.267
52672 	 266.929
52673 	 269.862
52674 	 272.79
52675 	 275.623
52676 	 278.265
52677 	 280.576
52678 	 283.438
52679 	 286.17
52680 	 288.836
52681 	 291.587
52682 	 294.288
52683 	 297.053
52684 	 299.709
52685 	 302.352
52686 	 304.809
52687 	 307.17
52688 	 310.201
52689 	 313.731
52690 	 317.721
52691 	 321.738
52692 	 324.641
52693 	 327.548
52694 	 330.616
52695 	 333.626
52696 	 336.618
52697 	 339.488
52698 	 342.34
52699 	 344.794
52700 	 347.278
52701 	 350.426
52702 	 353.356
52703 	 356.077
52704 	 358.535
52705 	 360.926
52706 	 363.702
52707 	 366.529
52708 	 369.529
52709 	 372.65
52710 	 375.685
52711 	 378.857
52712 	 381.67
52713 	 384.138
52714 	 387.101
52715 	 389.936
52716 	 392.827
52717 	 395.852
52718 	 399.794
52719 	 403.719
52720 	 406.835
52721 	 409.834
52722 	 412.6
52723 	 415.551
52724 	 418.522
52725 	 421.332
52726 	 424.229
52727 	 427.059
52728 	 430.056
52729 	 433.07
52730 	 435.795
52731 	 438.766
52732 	 441.945
52733 	 444.933
52734 	 447.663
52735 	 450.921
52736 	 454.312
52737 	 457.22
52738 	 459.954
52739 	 462.602
52740 	 465.062
52741 	 467.643
52742 	 470.581
52743 	 473.073
52744 	 475.586
52745 	 477.661
52746 	 479.421
52747 	 481.349
52748 	 483.592
52749 	 485.872
52750 	 488.02
52751 	 489.881
52752 	 491.975
52753 	 493.929
52754 	 495.914
52755 	 498.263
52756 	 500.297
52757 	 502.705
52758 	 504.679
52759 	 506.411
52760 	 508.184
52761 	 510.122
52762 	 511.754
52763 	 513.622
52764 	 515.619
52765 	 517.716
52766 	 519.978
52767 	 521.838
52768 	 523.547
52769 	 525.328
52770 	 526.863
52771 	 528.129
52772 	 529.554
52773 	 530.82
52774 	 532.074
52775 	 533.378
52776 	 534.528
52777 	 535.75
52778 	 536.747
52779 	 537.687
52780 	 538.879
52781 	 539.926
52782 	 540.834
52783 	 541.231
52784 	 541.454
52785 	 541.717
52786 	 542.207
52787 	 542.914
52788 	 543.905
52789 	 544.85
52790 	 545.76
52791 	 546.694
52792 	 547.246
52793 	 547.834
52794 	 548.009
52795 	 548.118
52796 	 548.104
52797 	 548.068
52798 	 548.061
52799 	 548.141
52800 	 548.256
52801 	 548.417
52802 	 547.989
52803 	 547.515
52804 	 546.849
52805 	 546.382
52806 	 545.819
52807 	 545.227
52808 	 545.099
52809 	 544.896
52810 	 544.778
52811 	 544.732
52812 	 544.298
52813 	 543.853
52814 	 543.334
52815 	 542.674
52816 	 542.28
52817 	 541.687
52818 	 541.223
52819 	 540.586
52820 	 540.074
52821 	 539.565
52822 	 538.879
52823 	 537.812
52824 	 536.118
52825 	 534.266
52826 	 532.79
52827 	 531.456
52828 	 529.993
52829 	 528.473
52830 	 526.803
52831 	 525.583
52832 	 524.131
52833 	 522.956
52834 	 521.428
52835 	 519.909
52836 	 518.361
52837 	 516.833
52838 	 514.978
52839 	 512.86
52840 	 510.846
52841 	 508.839
52842 	 506.515
52843 	 504.038
52844 	 501.804
52845 	 499.792
52846 	 497.473
52847 	 495.025
52848 	 492.356
52849 	 489.445
52850 	 486.614
52851 	 484.04
52852 	 481.745
52853 	 479.741
52854 	 477.497
52855 	 474.958
52856 	 472.627
52857 	 469.865
52858 	 466.789
52859 	 463.851
52860 	 461.232
52861 	 458.976
52862 	 457.02
52863 	 454.681
52864 	 452.363
52865 	 449.934
52866 	 447.708
52867 	 445.036
52868 	 441.943
52869 	 438.902
52870 	 435.652
52871 	 432.59
52872 	 429.909
52873 	 427.475
52874 	 425.189
52875 	 422.302
52876 	 419.048
52877 	 415.902
52878 	 412.566
52879 	 409.186
52880 	 406.372
52881 	 403.477
52882 	 400.742
52883 	 397.675
52884 	 394.646
52885 	 391.453
52886 	 388.163
52887 	 384.726
52888 	 380.992
52889 	 377.663
52890 	 374.381
52891 	 371.404
52892 	 368.082
52893 	 364.714
52894 	 361.557
52895 	 358.116
52896 	 354.942
52897 	 351.908
52898 	 349.059
52899 	 346.142
52900 	 343.201
52901 	 340.003
52902 	 336.649
52903 	 332.988
52904 	 329.751
52905 	 327.218
52906 	 324.395
52907 	 321.078
52908 	 317.6
52909 	 314.124
52910 	 311.276
52911 	 308.578
52912 	 306.445
52913 	 304.39
52914 	 301.625
52915 	 298.906
52916 	 296.407
52917 	 293.725
52918 	 290.665
52919 	 287.567
52920 	 284.847
52921 	 282.276
52922 	 279.466
52923 	 276.741
52924 	 273.907
52925 	 270.942
52926 	 267.742
52927 	 264.413
52928 	 261.215
52929 	 258.184
52930 	 255.164
52931 	 252.662
52932 	 250.288
52933 	 247.589
52934 	 244.947
52935 	 242.38
52936 	 240.108
52937 	 237.968
52938 	 235.955
52939 	 234.001
52940 	 231.827
52941 	 229.427
52942 	 227.1
52943 	 225.283
52944 	 223.623
52945 	 221.884
52946 	 219.834
52947 	 217.271
52948 	 214.317
52949 	 211.339
52950 	 208.453
52951 	 205.915
52952 	 203.648
52953 	 201.456
52954 	 198.872
52955 	 196.333
52956 	 193.998
52957 	 191.575
52958 	 189.291
52959 	 187.199
52960 	 185.693
52961 	 184.04
52962 	 182.015
52963 	 180.65
52964 	 179.379
52965 	 178.613
52966 	 178.052
52967 	 177.03
52968 	 175.843
52969 	 174.374
52970 	 173.118
52971 	 172.009
52972 	 170.891
52973 	 169.202
52974 	 167.983
52975 	 166.803
52976 	 165.585
52977 	 164.609
52978 	 164.061
52979 	 163.78
52980 	 163.287
52981 	 162.723
52982 	 162.223
52983 	 161.814
52984 	 161.305
52985 	 160.611
52986 	 159.694
52987 	 158.898
52988 	 158.729
52989 	 158.731
52990 	 158.365
52991 	 157.925
52992 	 157.462
52993 	 157.144
52994 	 156.667
52995 	 156.108
52996 	 155.65
52997 	 155.297
52998 	 154.963
52999 	 154.68
53000 	 154.673
53001 	 154.955
53002 	 155.028
53003 	 154.689
53004 	 154.396
53005 	 154.037
53006 	 153.811
53007 	 154.042
53008 	 154.439
53009 	 155.07
53010 	 155.647
53011 	 156.373
53012 	 157.159
53013 	 157.615
53014 	 157.896
53015 	 158.067
53016 	 158.52
53017 	 159.253
53018 	 160.13
53019 	 161.622
53020 	 162.91
53021 	 163.947
53022 	 165.272
53023 	 166.668
53024 	 167.427
53025 	 168.547
53026 	 170.299
53027 	 172.143
53028 	 173.449
53029 	 174.714
53030 	 176.082
53031 	 177.648
53032 	 179.417
53033 	 181.302
53034 	 183.195
53035 	 184.915
53036 	 186.14
53037 	 187.29
53038 	 188.318
53039 	 189.262
53040 	 190.031
53041 	 190.925
53042 	 192.202
53043 	 193.72
53044 	 195.594
53045 	 197.386
53046 	 199.368
53047 	 201.14
53048 	 202.857
53049 	 204.7
53050 	 206.423
53051 	 208.269
53052 	 210.374
53053 	 212.467
53054 	 215.176
53055 	 217.396
53056 	 219.769
53057 	 222.187
53058 	 224.543
53059 	 226.572
53060 	 228.863
53061 	 231.215
53062 	 233.623
53063 	 236.197
53064 	 238.073
53065 	 240.135
53066 	 242.265
53067 	 244.452
53068 	 246.481
53069 	 249.116
53070 	 251.623
53071 	 254.397
53072 	 256.56
53073 	 258.192
53074 	 260.247
53075 	 262.242
53076 	 264.377
53077 	 266.401
53078 	 268.743
53079 	 270.824
53080 	 273.033
53081 	 274.986
53082 	 277.233
53083 	 279.784
53084 	 282.046
53085 	 284.868
53086 	 288.049
53087 	 291.466
53088 	 295.174
53089 	 298.587
53090 	 302.033
53091 	 305.548
53092 	 308.564
53093 	 311.745
53094 	 314.991
53095 	 318.005
53096 	 320.816
53097 	 323.536
53098 	 326.227
53099 	 328.934
53100 	 331.212
53101 	 333.414
53102 	 336.313
53103 	 339.558
53104 	 342.715
53105 	 345.939
53106 	 349.416
53107 	 352.596
53108 	 355.477
53109 	 358.233
53110 	 361.01
53111 	 363.846
53112 	 367.242
53113 	 370.679
53114 	 373.922
53115 	 377.552
53116 	 380.665
53117 	 382.964
53118 	 385.454
53119 	 387.533
53120 	 389.263
53121 	 391.071
53122 	 393.063
53123 	 395.323
53124 	 398.148
53125 	 401.28
53126 	 404.499
53127 	 407.691
53128 	 410.805
53129 	 413.788
53130 	 416.674
53131 	 419.423
53132 	 421.835
53133 	 424.144
53134 	 426.408
53135 	 428.899
53136 	 431.879
53137 	 434.71
53138 	 437.435
53139 	 440.264
53140 	 442.673
53141 	 444.366
53142 	 445.888
53143 	 447.056
53144 	 448.463
53145 	 449.684
53146 	 451.327
53147 	 452.546
53148 	 453.767
53149 	 455.212
53150 	 456.855
53151 	 458.61
53152 	 460.091
53153 	 461.69
53154 	 463.305
53155 	 464.696
53156 	 465.896
53157 	 467.342
53158 	 469.284
53159 	 470.913
53160 	 472.446
53161 	 473.956
53162 	 475.665
53163 	 477.189
53164 	 478.506
53165 	 480.177
53166 	 481.801
53167 	 483.228
53168 	 484.704
53169 	 486.105
53170 	 487.516
53171 	 488.769
53172 	 490.072
53173 	 491.7
53174 	 493.55
53175 	 495.659
53176 	 497.228
53177 	 498.594
53178 	 499.901
53179 	 501.198
53180 	 502.335
53181 	 503.477
53182 	 505.058
53183 	 506.265
53184 	 507.41
53185 	 508.215
53186 	 509.307
53187 	 510.388
53188 	 511.228
53189 	 511.879
53190 	 512.566
53191 	 513.27
53192 	 513.958
53193 	 514.519
53194 	 515.019
53195 	 515.377
53196 	 516.377
53197 	 517.197
53198 	 517.972
53199 	 518.919
53200 	 519.457
53201 	 520.109
53202 	 520.641
53203 	 520.925
53204 	 521.069
53205 	 521.022
53206 	 520.734
53207 	 520.416
53208 	 519.976
53209 	 519.661
53210 	 519.372
53211 	 519.279
53212 	 519.319
53213 	 519.284
53214 	 518.911
53215 	 518.584
53216 	 517.946
53217 	 517.215
53218 	 516.401
53219 	 515.872
53220 	 515.508
53221 	 515.453
53222 	 515.319
53223 	 515.236
53224 	 515.07
53225 	 514.347
53226 	 513.943
53227 	 513.503
53228 	 512.987
53229 	 513.053
53230 	 513.396
53231 	 513.841
53232 	 513.98
53233 	 513.748
53234 	 513.308
53235 	 512.539
53236 	 511.989
53237 	 511.317
53238 	 510.635
53239 	 509.572
53240 	 508.232
53241 	 506.535
53242 	 505.109
53243 	 504.076
53244 	 502.726
53245 	 501.591
53246 	 500.216
53247 	 498.962
53248 	 497.687
53249 	 495.916
53250 	 494.274
53251 	 492.277
53252 	 490.069
53253 	 487.616
53254 	 485.074
53255 	 482.867
53256 	 481.023
53257 	 479.124
53258 	 477.29
53259 	 475.616
53260 	 473.376
53261 	 471.088
53262 	 468.691
53263 	 466.383
53264 	 464.071
53265 	 461.616
53266 	 459.384
53267 	 457.073
53268 	 454.762
53269 	 452.266
53270 	 450.085
53271 	 448.205
53272 	 446.79
53273 	 445.036
53274 	 443.084
53275 	 441.038
53276 	 438.852
53277 	 436.713
53278 	 434.223
53279 	 431.826
53280 	 429.396
53281 	 426.852
53282 	 424.371
53283 	 422.058
53284 	 419.568
53285 	 416.963
53286 	 414.603
53287 	 412.303
53288 	 410.317
53289 	 407.842
53290 	 405.423
53291 	 402.909
53292 	 400.049
53293 	 397.23
53294 	 394.94
53295 	 392.8
53296 	 390.646
53297 	 388.811
53298 	 386.634
53299 	 384.704
53300 	 382.754
53301 	 380.897
53302 	 379.19
53303 	 377.016
53304 	 374.877
53305 	 372.687
53306 	 370.334
53307 	 368.097
53308 	 365.973
53309 	 363.835
53310 	 361.54
53311 	 359.45
53312 	 357.341
53313 	 355.076
53314 	 352.388
53315 	 349.577
53316 	 347.003
53317 	 344.715
53318 	 343.007
53319 	 341.23
53320 	 339.28
53321 	 336.884
53322 	 334.492
53323 	 332.232
53324 	 329.463
53325 	 326.99
53326 	 324.556
53327 	 322.23
53328 	 319.976
53329 	 317.994
53330 	 315.679
53331 	 313.541
53332 	 311.349
53333 	 309.229
53334 	 306.908
53335 	 304.532
53336 	 302.093
53337 	 300.02
53338 	 298.096
53339 	 296.012
53340 	 293.669
53341 	 291.458
53342 	 288.932
53343 	 286.572
53344 	 284.617
53345 	 282.791
53346 	 280.572
53347 	 278.674
53348 	 277.1
53349 	 274.808
53350 	 272.814
53351 	 270.911
53352 	 268.813
53353 	 266.767
53354 	 264.468
53355 	 262.413
53356 	 260.65
53357 	 259.006
53358 	 257.496
53359 	 256.086
53360 	 254.249
53361 	 252.347
53362 	 250.328
53363 	 248.787
53364 	 247.418
53365 	 246.633
53366 	 245.814
53367 	 244.03
53368 	 242.5
53369 	 241.154
53370 	 239.387
53371 	 238.172
53372 	 236.999
53373 	 235.973
53374 	 235.016
53375 	 233.585
53376 	 231.987
53377 	 230.078
53378 	 228.186
53379 	 227.052
53380 	 225.857
53381 	 224.639
53382 	 223.347
53383 	 222.204
53384 	 221.194
53385 	 220.049
53386 	 218.676
53387 	 217.547
53388 	 216.463
53389 	 215.957
53390 	 215.407
53391 	 214.327
53392 	 213.47
53393 	 212.634
53394 	 211.659
53395 	 210.771
53396 	 209.752
53397 	 209.386
53398 	 209.165
53399 	 209.172
53400 	 208.953
53401 	 208.522
53402 	 208.519
53403 	 207.869
53404 	 207.056
53405 	 206.384
53406 	 206.035
53407 	 206.02
53408 	 206.024
53409 	 205.719
53410 	 205.219
53411 	 204.505
53412 	 203.836
53413 	 203.425
53414 	 203.151
53415 	 203.38
53416 	 203.537
53417 	 203.322
53418 	 203.081
53419 	 203.341
53420 	 204.032
53421 	 204.68
53422 	 205.485
53423 	 205.952
53424 	 206.342
53425 	 206.307
53426 	 206.829
53427 	 207.702
53428 	 208.794
53429 	 209.941
53430 	 211.438
53431 	 213.078
53432 	 214.344
53433 	 215.268
53434 	 216.096
53435 	 216.774
53436 	 217.18
53437 	 217.966
53438 	 218.806
53439 	 219.64
53440 	 220.491
53441 	 221.41
53442 	 222.222
53443 	 222.649
53444 	 223.282
53445 	 223.507
53446 	 223.787
53447 	 224.199
53448 	 224.958
53449 	 225.999
53450 	 227.026
53451 	 228.376
53452 	 230.378
53453 	 231.983
53454 	 233.186
53455 	 234.616
53456 	 236.328
53457 	 238.067
53458 	 239.361
53459 	 240.368
53460 	 241.358
53461 	 242.814
53462 	 244.139
53463 	 245.137
53464 	 245.843
53465 	 246.104
53466 	 246.525
53467 	 248.014
53468 	 250.285
53469 	 252.528
53470 	 254.115
53471 	 255.456
53472 	 256.944
53473 	 258.781
53474 	 260.547
53475 	 262.504
53476 	 264.97
53477 	 267.392
53478 	 269.644
53479 	 271.896
53480 	 274.269
53481 	 276.505
53482 	 278.697
53483 	 280.981
53484 	 283.414
53485 	 285.283
53486 	 286.977
53487 	 288.6
53488 	 290.459
53489 	 292.511
53490 	 294.834
53491 	 297.695
53492 	 300.205
53493 	 302.228
53494 	 304.033
53495 	 306.079
53496 	 307.889
53497 	 309.854
53498 	 311.576
53499 	 313.176
53500 	 314.778
53501 	 316.227
53502 	 317.58
53503 	 318.99
53504 	 320.368
53505 	 321.742
53506 	 323.63
53507 	 325.137
53508 	 326.519
53509 	 327.814
53510 	 329.285
53511 	 330.669
53512 	 332.304
53513 	 334.019
53514 	 335.628
53515 	 337.307
53516 	 339.295
53517 	 341.578
53518 	 343.799
53519 	 345.85
53520 	 348.075
53521 	 349.825
53522 	 351.208
53523 	 352.644
53524 	 354.482
53525 	 356.571
53526 	 358.292
53527 	 359.842
53528 	 361.184
53529 	 362.408
53530 	 363.335
53531 	 364.789
53532 	 366.956
53533 	 369.002
53534 	 371.124
53535 	 373.297
53536 	 375.047
53537 	 376.436
53538 	 377.946
53539 	 379.49
53540 	 381.131
53541 	 382.897
53542 	 384.352
53543 	 386.008
53544 	 387.293
53545 	 388.49
53546 	 389.7
53547 	 390.877
53548 	 391.877
53549 	 393.47
53550 	 394.835
53551 	 396.196
53552 	 397.026
53553 	 398.048
53554 	 399.016
53555 	 399.884
53556 	 401.306
53557 	 402.817
53558 	 404.719
53559 	 406.44
53560 	 407.605
53561 	 408.188
53562 	 408.829
53563 	 409.478
53564 	 410.25
53565 	 411.322
53566 	 412.663
53567 	 413.799
53568 	 414.513
53569 	 414.987
53570 	 415.366
53571 	 415.361
53572 	 415.615
53573 	 416.373
53574 	 417.168
53575 	 418.017
53576 	 418.798
53577 	 419.359
53578 	 419.731
53579 	 420.185
53580 	 420.296
53581 	 420.53
53582 	 420.904
53583 	 421.375
53584 	 421.622
53585 	 421.768
53586 	 422.026
53587 	 422.441
53588 	 422.636
53589 	 423.082
53590 	 423.504
53591 	 424.276
53592 	 425.379
53593 	 426.514
53594 	 427.269
53595 	 427.91
53596 	 428.534
53597 	 429.087
53598 	 429.425
53599 	 429.544
53600 	 429.451
53601 	 429.16
53602 	 429.06
53603 	 429.129
53604 	 429.095
53605 	 428.791
53606 	 428.723
53607 	 428.483
53608 	 428.039
53609 	 427.112
53610 	 426.126
53611 	 425.696
53612 	 425.347
53613 	 425.046
53614 	 425.199
53615 	 425.656
53616 	 425.484
53617 	 424.872
53618 	 424.22
53619 	 423.687
53620 	 423.286
53621 	 422.901
53622 	 422.938
53623 	 423.132
53624 	 423.359
53625 	 423.267
53626 	 422.597
53627 	 421.552
53628 	 421.136
53629 	 421.27
53630 	 421.566
53631 	 421.923
53632 	 421.889
53633 	 421.132
53634 	 420.274
53635 	 419.465
53636 	 418.919
53637 	 418.34
53638 	 417.75
53639 	 417.35
53640 	 417.042
53641 	 416.795
53642 	 416.994
53643 	 417.334
53644 	 417.293
53645 	 417.034
53646 	 416.479
53647 	 415.758
53648 	 415.382
53649 	 415.336
53650 	 415.724
53651 	 415.809
53652 	 415.26
53653 	 414.455
53654 	 413.733
53655 	 412.876
53656 	 412.325
53657 	 411.202
53658 	 409.955
53659 	 408.713
53660 	 408.135
53661 	 408.044
53662 	 407.784
53663 	 407.422
53664 	 407.041
53665 	 406.475
53666 	 405.762
53667 	 405.13
53668 	 404.581
53669 	 403.88
53670 	 402.992
53671 	 402.222
53672 	 401.721
53673 	 400.616
53674 	 399.731
53675 	 399.028
53676 	 398.472
53677 	 397.779
53678 	 397.176
53679 	 396.626
53680 	 396.182
53681 	 395.574
53682 	 395.181
53683 	 395.025
53684 	 394.762
53685 	 394.052
53686 	 393.432
53687 	 393.21
53688 	 392.808
53689 	 392.217
53690 	 392.074
53691 	 392.823
53692 	 392.875
53693 	 392.36
53694 	 392.171
53695 	 391.625
53696 	 390.731
53697 	 389.437
53698 	 388.439
53699 	 388.041
53700 	 388.231
53701 	 388.192
53702 	 388.09
53703 	 388.595
53704 	 389.122
53705 	 389.511
53706 	 389.811
53707 	 390.302
53708 	 390.632
53709 	 391.001
53710 	 391.121
53711 	 391.137
53712 	 390.998
53713 	 390.612
53714 	 390.018
53715 	 389.226
53716 	 388.358
53717 	 387.947
53718 	 387.655
53719 	 387.828
53720 	 388.291
53721 	 388.954
53722 	 389.434
53723 	 389.49
53724 	 389.456
53725 	 388.684
53726 	 387.917
53727 	 387.713
53728 	 387.352
53729 	 387.312
53730 	 387.433
53731 	 387.329
53732 	 386.722
53733 	 385.904
53734 	 385.063
53735 	 384.213
53736 	 383.669
53737 	 383.305
53738 	 383.073
53739 	 382.757
53740 	 382.383
53741 	 382.095
53742 	 382.0
53743 	 381.986
53744 	 381.664
53745 	 381.511
53746 	 381.45
53747 	 381.045
53748 	 380.774
53749 	 380.278
53750 	 380.111
53751 	 379.915
53752 	 380.288
53753 	 380.711
53754 	 381.017
53755 	 381.32
53756 	 381.472
53757 	 381.74
53758 	 381.076
53759 	 380.534
53760 	 380.623
53761 	 380.937
53762 	 381.024
53763 	 381.352
53764 	 381.729
53765 	 381.982
53766 	 382.531
53767 	 383.353
53768 	 384.059
53769 	 384.476
53770 	 384.851
53771 	 384.89
53772 	 384.731
53773 	 384.812
53774 	 384.583
53775 	 384.549
53776 	 384.758
53777 	 384.848
53778 	 384.755
53779 	 384.414
53780 	 384.098
53781 	 383.879
53782 	 383.845
53783 	 384.259
53784 	 384.896
53785 	 385.293
53786 	 385.126
53787 	 384.911
53788 	 384.545
53789 	 384.089
53790 	 383.836
53791 	 383.328
53792 	 383.042
53793 	 383.035
53794 	 383.284
53795 	 383.157
53796 	 383.442
53797 	 383.527
53798 	 383.25
53799 	 383.62
53800 	 383.763
53801 	 383.596
53802 	 383.045
53803 	 382.632
53804 	 382.486
53805 	 382.636
53806 	 382.641
53807 	 381.797
53808 	 380.97
53809 	 380.403
53810 	 379.708
53811 	 379.359
53812 	 379.227
53813 	 378.846
53814 	 378.449
53815 	 378.137
53816 	 378.025
53817 	 377.869
53818 	 377.33
53819 	 377.135
53820 	 376.979
53821 	 376.775
53822 	 376.222
53823 	 375.819
53824 	 375.335
53825 	 374.866
53826 	 374.367
53827 	 373.787
53828 	 373.301
53829 	 373.004
53830 	 372.691
53831 	 372.187
53832 	 372.023
53833 	 371.775
53834 	 371.156
53835 	 370.704
53836 	 369.827
53837 	 368.833
53838 	 368.321
53839 	 367.761
53840 	 367.266
53841 	 366.572
53842 	 366.266
53843 	 366.114
53844 	 365.589
53845 	 364.841
53846 	 364.397
53847 	 364.093
53848 	 363.747
53849 	 363.173
53850 	 362.566
53851 	 362.183
53852 	 361.994
53853 	 361.777
53854 	 361.534
53855 	 361.063
53856 	 360.471
53857 	 359.919
53858 	 359.32
53859 	 358.368
53860 	 357.214
53861 	 355.942
53862 	 354.619
53863 	 353.789
53864 	 353.088
53865 	 352.447
53866 	 352.042
53867 	 351.837
53868 	 351.068
53869 	 350.202
53870 	 349.488
53871 	 348.976
53872 	 348.266
53873 	 347.435
53874 	 346.554
53875 	 345.776
53876 	 345.412
53877 	 344.979
53878 	 344.447
53879 	 343.672
53880 	 342.561
53881 	 341.478
53882 	 340.402
53883 	 339.192
53884 	 338.257
53885 	 337.275
53886 	 336.537
53887 	 335.727
53888 	 334.974
53889 	 334.077
53890 	 332.803
53891 	 331.501
53892 	 330.154
53893 	 328.736
53894 	 327.327
53895 	 326.07
53896 	 324.855
53897 	 323.403
53898 	 321.604
53899 	 319.845
53900 	 318.325
53901 	 317.348
53902 	 316.491
53903 	 315.692
53904 	 314.653
53905 	 313.373
53906 	 312.306
53907 	 311.188
53908 	 310.392
53909 	 309.571
53910 	 308.49
53911 	 307.237
53912 	 306.059
53913 	 304.914
53914 	 303.916
53915 	 302.665
53916 	 301.287
53917 	 299.901
53918 	 298.884
53919 	 297.732
53920 	 296.532
53921 	 295.325
53922 	 294.506
53923 	 293.69
53924 	 292.433
53925 	 291.132
53926 	 289.755
53927 	 288.345
53928 	 286.898
53929 	 285.696
53930 	 284.87
53931 	 284.203
53932 	 283.238
53933 	 282.116
53934 	 281.062
53935 	 280.255
53936 	 279.484
53937 	 278.719
53938 	 277.851
53939 	 276.91
53940 	 275.956
53941 	 274.688
53942 	 273.574
53943 	 272.883
53944 	 272.491
53945 	 272.535
53946 	 272.554
53947 	 271.817
53948 	 271.16
53949 	 270.617
53950 	 269.965
53951 	 269.021
53952 	 267.85
53953 	 266.511
53954 	 265.208
53955 	 264.119
53956 	 263.498
53957 	 262.837
53958 	 261.782
53959 	 260.834
53960 	 259.995
53961 	 259.455
53962 	 258.934
53963 	 258.713
53964 	 258.105
53965 	 257.389
53966 	 256.555
53967 	 255.837
53968 	 255.476
53969 	 255.277
53970 	 254.984
53971 	 254.428
53972 	 253.985
53973 	 254.041
53974 	 254.157
53975 	 254.275
53976 	 254.109
53977 	 254.165
53978 	 254.132
53979 	 254.22
53980 	 254.303
53981 	 254.388
53982 	 254.431
53983 	 254.422
53984 	 254.49
53985 	 254.817
53986 	 255.152
53987 	 254.922
53988 	 254.604
53989 	 254.174
53990 	 253.889
53991 	 253.431
53992 	 252.641
53993 	 252.192
53994 	 252.152
53995 	 252.239
53996 	 252.241
53997 	 252.706
53998 	 253.051
53999 	 253.16
54000 	 253.348
54001 	 253.107
54002 	 252.906
54003 	 252.726
54004 	 252.314
54005 	 252.097
54006 	 252.17
54007 	 252.317
54008 	 252.322
54009 	 252.664
54010 	 252.823
54011 	 253.057
54012 	 253.402
54013 	 253.97
54014 	 254.239
54015 	 254.65
54016 	 255.213
54017 	 256.172
54018 	 257.294
54019 	 257.96
54020 	 258.306
54021 	 258.022
54022 	 257.619
54023 	 257.88
54024 	 258.766
54025 	 259.87
54026 	 260.601
54027 	 261.547
54028 	 262.288
54029 	 263.09
54030 	 264.065
54031 	 265.053
54032 	 266.298
54033 	 267.407
54034 	 267.979
54035 	 268.604
54036 	 269.051
54037 	 269.617
54038 	 270.697
54039 	 271.727
54040 	 272.858
54041 	 274.166
54042 	 275.383
54043 	 276.067
54044 	 276.84
54045 	 277.73
54046 	 279.311
54047 	 281.238
54048 	 282.362
54049 	 283.298
54050 	 283.966
54051 	 284.752
54052 	 285.804
54053 	 286.772
54054 	 287.523
54055 	 288.233
54056 	 289.412
54057 	 290.367
54058 	 291.097
54059 	 291.528
54060 	 292.214
54061 	 293.06
54062 	 294.562
54063 	 296.071
54064 	 297.579
54065 	 299.122
54066 	 300.48
54067 	 301.473
54068 	 302.099
54069 	 303.16
54070 	 304.142
54071 	 305.137
54072 	 306.751
54073 	 308.655
54074 	 310.444
54075 	 312.265
54076 	 314.257
54077 	 316.249
54078 	 317.76
54079 	 318.855
54080 	 319.751
54081 	 320.664
54082 	 322.248
54083 	 323.796
54084 	 325.2
54085 	 326.55
54086 	 327.987
54087 	 329.524
54088 	 331.048
54089 	 332.254
54090 	 333.169
54091 	 333.523
54092 	 334.104
54093 	 335.145
54094 	 336.829
54095 	 338.643
54096 	 340.383
54097 	 342.145
54098 	 343.852
54099 	 345.504
54100 	 346.471
54101 	 347.325
54102 	 348.614
54103 	 349.944
54104 	 351.297
54105 	 352.665
54106 	 354.214
54107 	 355.518
54108 	 357.118
54109 	 359.01
54110 	 361.269
54111 	 363.159
54112 	 364.648
54113 	 366.468
54114 	 368.166
54115 	 369.74
54116 	 371.407
54117 	 373.251
54118 	 374.949
54119 	 377.216
54120 	 379.858
54121 	 381.719
54122 	 383.38
54123 	 385.116
54124 	 386.978
54125 	 388.974
54126 	 390.574
54127 	 392.276
54128 	 393.878
54129 	 395.794
54130 	 397.818
54131 	 399.671
54132 	 401.156
54133 	 402.243
54134 	 403.015
54135 	 404.238
54136 	 405.812
54137 	 407.791
54138 	 410.236
54139 	 412.672
54140 	 415.06
54141 	 416.876
54142 	 418.512
54143 	 420.147
54144 	 421.962
54145 	 423.563
54146 	 425.244
54147 	 426.811
54148 	 427.883
54149 	 429.161
54150 	 430.58
54151 	 431.906
54152 	 433.349
54153 	 434.556
54154 	 435.982
54155 	 437.152
54156 	 438.078
54157 	 439.274
54158 	 440.437
54159 	 442.049
54160 	 443.704
54161 	 445.593
54162 	 447.506
54163 	 448.832
54164 	 450.141
54165 	 451.28
54166 	 452.331
54167 	 453.853
54168 	 455.076
54169 	 455.975
54170 	 456.901
54171 	 457.669
54172 	 458.702
54173 	 459.857
54174 	 460.964
54175 	 462.12
54176 	 463.408
54177 	 464.641
54178 	 466.49
54179 	 468.969
54180 	 470.764
54181 	 471.715
54182 	 472.338
54183 	 472.972
54184 	 473.496
54185 	 474.043
54186 	 474.833
54187 	 475.549
54188 	 476.246
54189 	 477.106
54190 	 478.073
54191 	 478.806
54192 	 479.621
54193 	 480.688
54194 	 482.064
54195 	 483.144
54196 	 484.204
54197 	 485.192
54198 	 485.971
54199 	 486.688
54200 	 487.341
54201 	 487.755
54202 	 488.426
54203 	 488.832
54204 	 489.214
54205 	 489.65
54206 	 490.088
54207 	 490.414
54208 	 490.379
54209 	 490.3
54210 	 490.368
54211 	 490.373
54212 	 490.344
54213 	 490.401
54214 	 490.413
54215 	 490.393
54216 	 490.529
54217 	 490.963
54218 	 491.215
54219 	 491.217
54220 	 491.135
54221 	 491.066
54222 	 490.943
54223 	 490.528
54224 	 489.882
54225 	 489.221
54226 	 488.246
54227 	 487.27
54228 	 486.485
54229 	 485.848
54230 	 484.943
54231 	 484.401
54232 	 483.891
54233 	 483.201
54234 	 482.464
54235 	 481.651
54236 	 480.858
54237 	 479.933
54238 	 479.057
54239 	 477.973
54240 	 476.875
54241 	 475.475
54242 	 473.942
54243 	 473.067
54244 	 472.708
54245 	 471.893
54246 	 471.02
54247 	 470.207
54248 	 468.94
54249 	 467.432
54250 	 465.69
54251 	 463.777
54252 	 462.137
54253 	 460.433
54254 	 458.95
54255 	 457.259
54256 	 455.884
54257 	 454.678
54258 	 453.129
54259 	 451.447
54260 	 449.953
54261 	 448.637
54262 	 447.221
54263 	 445.462
54264 	 443.208
54265 	 441.177
54266 	 439.045
54267 	 437.126
54268 	 435.256
54269 	 433.578
54270 	 431.904
54271 	 430.677
54272 	 429.275
54273 	 427.212
54274 	 424.838
54275 	 422.806
54276 	 420.727
54277 	 419.105
54278 	 417.726
54279 	 416.372
54280 	 414.859
54281 	 413.336
54282 	 411.661
54283 	 409.542
54284 	 407.199
54285 	 405.063
54286 	 403.047
54287 	 400.833
54288 	 398.635
54289 	 396.268
54290 	 393.709
54291 	 391.029
54292 	 388.233
54293 	 385.711
54294 	 383.096
54295 	 380.456
54296 	 377.814
54297 	 375.366
54298 	 372.922
54299 	 370.458
54300 	 367.984
54301 	 365.404
54302 	 362.522
54303 	 359.673
54304 	 356.926
54305 	 355.032
54306 	 352.885
54307 	 350.623
54308 	 348.462
54309 	 345.834
54310 	 342.872
54311 	 339.963
54312 	 337.04
54313 	 334.128
54314 	 331.455
54315 	 329.108
54316 	 326.453
54317 	 323.576
54318 	 320.873
54319 	 318.46
54320 	 316.022
54321 	 313.356
54322 	 310.845
54323 	 308.176
54324 	 305.65
54325 	 303.226
54326 	 300.986
54327 	 299.003
54328 	 297.383
54329 	 295.508
54330 	 292.801
54331 	 289.895
54332 	 286.847
54333 	 284.153
54334 	 281.994
54335 	 279.622
54336 	 277.321
54337 	 274.897
54338 	 272.484
54339 	 270.254
54340 	 268.51
54341 	 266.958
54342 	 265.458
54343 	 263.827
54344 	 261.826
54345 	 259.815
54346 	 257.709
54347 	 255.856
54348 	 253.72
54349 	 251.813
54350 	 249.631
54351 	 247.609
54352 	 245.968
54353 	 244.392
54354 	 242.582
54355 	 240.495
54356 	 238.399
54357 	 236.321
54358 	 234.149
54359 	 232.226
54360 	 230.162
54361 	 228.493
54362 	 226.569
54363 	 224.729
54364 	 222.888
54365 	 220.999
54366 	 219.552
54367 	 217.959
54368 	 216.225
54369 	 214.822
54370 	 212.929
54371 	 211.073
54372 	 209.423
54373 	 207.629
54374 	 206.384
54375 	 205.17
54376 	 203.893
54377 	 202.818
54378 	 201.554
54379 	 200.42
54380 	 199.238
54381 	 198.14
54382 	 197.459
54383 	 196.694
54384 	 195.901
54385 	 194.942
54386 	 194.235
54387 	 193.462
54388 	 192.877
54389 	 192.489
54390 	 192.044
54391 	 191.769
54392 	 191.404
54393 	 190.925
54394 	 190.453
54395 	 189.994
54396 	 190.073
54397 	 190.343
54398 	 190.363
54399 	 189.981
54400 	 190.086
54401 	 190.086
54402 	 190.346
54403 	 190.569
54404 	 190.969
54405 	 190.958
54406 	 190.972
54407 	 191.337
54408 	 192.054
54409 	 192.515
54410 	 192.695
54411 	 193.049
54412 	 193.166
54413 	 193.416
54414 	 193.384
54415 	 193.45
54416 	 194.068
54417 	 194.634
54418 	 194.838
54419 	 195.392
54420 	 196.019
54421 	 196.284
54422 	 196.877
54423 	 198.046
54424 	 199.297
54425 	 200.704
54426 	 202.217
54427 	 203.811
54428 	 204.461
54429 	 204.799
54430 	 205.007
54431 	 205.769
54432 	 206.88
54433 	 208.099
54434 	 209.46
54435 	 211.013
54436 	 212.598
54437 	 214.132
54438 	 215.81
54439 	 217.117
54440 	 218.546
54441 	 219.803
54442 	 221.116
54443 	 222.327
54444 	 223.95
54445 	 225.449
54446 	 226.621
54447 	 227.711
54448 	 228.775
54449 	 230.185
54450 	 231.752
54451 	 233.335
54452 	 235.024
54453 	 236.262
54454 	 237.69
54455 	 239.231
54456 	 241.033
54457 	 242.601
54458 	 244.464
54459 	 246.069
54460 	 247.591
54461 	 249.049
54462 	 250.875
54463 	 252.653
54464 	 254.709
54465 	 256.961
54466 	 258.331
54467 	 260.037
54468 	 261.861
54469 	 263.849
54470 	 265.512
54471 	 267.117
54472 	 268.713
54473 	 270.555
54474 	 272.518
54475 	 274.858
54476 	 277.428
54477 	 280.05
54478 	 282.761
54479 	 285.695
54480 	 288.697
54481 	 291.033
54482 	 292.9
54483 	 294.94
54484 	 297.018
54485 	 299.11
54486 	 301.54
54487 	 304.463
54488 	 306.737
54489 	 308.97
54490 	 311.485
54491 	 313.804
54492 	 316.446
54493 	 319.311
54494 	 321.812
54495 	 324.015
54496 	 326.37
54497 	 329.023
54498 	 332.328
54499 	 335.623
54500 	 338.335
54501 	 341.094
54502 	 343.992
54503 	 346.863
54504 	 349.396
54505 	 351.903
54506 	 354.8
54507 	 357.674
54508 	 359.909
54509 	 361.798
54510 	 364.364
54511 	 367.121
54512 	 369.424
54513 	 371.322
54514 	 373.867
54515 	 376.693
54516 	 379.559
54517 	 382.075
54518 	 384.852
54519 	 387.781
54520 	 390.864
54521 	 393.801
54522 	 396.415
54523 	 398.923
54524 	 401.588
54525 	 404.004
54526 	 406.668
54527 	 409.758
54528 	 412.657
54529 	 415.896
54530 	 418.945
54531 	 421.761
54532 	 424.333
54533 	 426.623
54534 	 429.366
54535 	 431.68
54536 	 434.373
54537 	 437.531
54538 	 440.368
54539 	 443.233
54540 	 445.924
54541 	 448.887
54542 	 452.054
54543 	 455.103
54544 	 457.904
54545 	 460.865
54546 	 463.818
54547 	 466.983
54548 	 470.181
54549 	 473.122
54550 	 475.834
54551 	 478.315
54552 	 480.658
54553 	 482.852
54554 	 484.946
54555 	 486.676
54556 	 488.121
54557 	 489.75
54558 	 491.57
54559 	 493.545
54560 	 495.387
54561 	 496.997
54562 	 498.675
54563 	 500.381
54564 	 502.34
54565 	 504.718
54566 	 506.82
54567 	 508.65
54568 	 510.351
54569 	 511.855
54570 	 512.979
54571 	 513.792
54572 	 514.506
54573 	 515.554
54574 	 517.251
54575 	 519.317
54576 	 521.563
54577 	 523.823
54578 	 525.806
54579 	 527.535
54580 	 528.414
54581 	 529.142
54582 	 529.867
54583 	 530.668
54584 	 531.684
54585 	 533.144
54586 	 534.686
54587 	 536.002
54588 	 537.009
54589 	 537.702
54590 	 538.331
54591 	 538.549
54592 	 538.711
54593 	 539.21
54594 	 539.88
54595 	 540.628
54596 	 541.496
54597 	 541.796
54598 	 542.274
54599 	 542.546
54600 	 542.645
54601 	 542.6
54602 	 542.638
54603 	 542.602
54604 	 542.675
54605 	 542.656
54606 	 542.66
54607 	 542.347
54608 	 541.881
54609 	 541.486
54610 	 541.453
54611 	 541.302
54612 	 541.247
54613 	 541.531
54614 	 541.461
54615 	 541.201
54616 	 540.668
54617 	 540.042
54618 	 539.768
54619 	 539.275
54620 	 538.471
54621 	 537.409
54622 	 536.081
54623 	 534.924
54624 	 533.747
54625 	 532.748
54626 	 531.73
54627 	 530.521
54628 	 529.27
54629 	 527.631
54630 	 526.041
54631 	 524.7
54632 	 523.3
54633 	 521.922
54634 	 520.598
54635 	 519.064
54636 	 517.428
54637 	 515.845
54638 	 514.362
54639 	 512.869
54640 	 511.323
54641 	 509.868
54642 	 508.347
54643 	 507.091
54644 	 505.839
54645 	 504.03
54646 	 502.119
54647 	 499.807
54648 	 497.484
54649 	 495.285
54650 	 493.223
54651 	 491.171
54652 	 489.026
54653 	 487.211
54654 	 485.449
54655 	 483.235
54656 	 481.105
54657 	 479.142
54658 	 477.292
54659 	 474.963
54660 	 472.481
54661 	 469.912
54662 	 466.931
54663 	 464.02
54664 	 461.523
54665 	 459.105
54666 	 456.62
54667 	 453.747
54668 	 450.908
54669 	 447.627
54670 	 444.109
54671 	 440.638
54672 	 437.298
54673 	 434.739
54674 	 432.349
54675 	 429.641
54676 	 426.78
54677 	 424.01
54678 	 421.356
54679 	 418.278
54680 	 415.078
54681 	 411.551
54682 	 408.032
54683 	 404.561
54684 	 401.224
54685 	 398.308
54686 	 395.538
54687 	 392.612
54688 	 389.533
54689 	 385.913
54690 	 382.673
54691 	 379.247
54692 	 376.319
54693 	 373.357
54694 	 370.539
54695 	 368.083
54696 	 365.096
54697 	 361.863
54698 	 358.691
54699 	 355.627
54700 	 352.262
54701 	 349.03
54702 	 346.088
54703 	 343.075
54704 	 339.451
54705 	 335.794
54706 	 332.549
54707 	 329.497
54708 	 326.218
54709 	 322.365
54710 	 318.536
54711 	 314.622
54712 	 310.804
54713 	 307.213
54714 	 303.467
54715 	 299.852
54716 	 296.36
54717 	 292.972
54718 	 289.769
54719 	 286.62
54720 	 283.724
54721 	 280.801
54722 	 277.71
54723 	 274.526
54724 	 271.252
54725 	 268.147
54726 	 265.044
54727 	 261.668
54728 	 258.149
54729 	 254.567
54730 	 251.182
54731 	 247.789
54732 	 244.264
54733 	 240.878
54734 	 237.608
54735 	 234.334
54736 	 230.987
54737 	 227.826
54738 	 225.339
54739 	 222.78
54740 	 220.283
54741 	 217.664
54742 	 214.934
54743 	 212.284
54744 	 209.618
54745 	 207.496
54746 	 205.5
54747 	 203.489
54748 	 200.8
54749 	 197.811
54750 	 194.618
54751 	 191.615
54752 	 189.08
54753 	 186.723
54754 	 184.68
54755 	 182.447
54756 	 180.273
54757 	 177.796
54758 	 175.114
54759 	 172.705
54760 	 170.484
54761 	 168.644
54762 	 166.835
54763 	 164.895
54764 	 162.471
54765 	 159.772
54766 	 157.777
54767 	 156.615
54768 	 155.838
54769 	 154.366
54770 	 152.943
54771 	 151.432
54772 	 149.559
54773 	 148.392
54774 	 147.709
54775 	 146.664
54776 	 145.568
54777 	 144.672
54778 	 143.853
54779 	 142.956
54780 	 142.245
54781 	 141.049
54782 	 140.258
54783 	 139.317
54784 	 137.888
54785 	 136.734
54786 	 136.077
54787 	 135.733
54788 	 135.425
54789 	 135.042
54790 	 135.095
54791 	 135.45
54792 	 135.975
54793 	 136.258
54794 	 136.599
54795 	 137.368
54796 	 137.191
54797 	 136.567
54798 	 136.185
54799 	 135.899
54800 	 135.567
54801 	 135.322
54802 	 135.16
54803 	 135.106
54804 	 134.978
54805 	 135.227
54806 	 135.359
54807 	 135.162
54808 	 134.533
54809 	 134.236
54810 	 134.787
54811 	 135.04
54812 	 134.492
54813 	 134.409
54814 	 134.237
54815 	 134.469
54816 	 134.867
54817 	 135.055
54818 	 135.432
54819 	 136.005
54820 	 136.51
54821 	 137.344
54822 	 138.12
54823 	 138.675
54824 	 139.0
54825 	 139.414
54826 	 139.883
54827 	 140.355
54828 	 141.714
54829 	 143.011
54830 	 144.157
54831 	 144.958
54832 	 146.181
54833 	 147.402
54834 	 149.035
54835 	 150.631
54836 	 152.679
54837 	 154.46
54838 	 156.178
54839 	 157.987
54840 	 159.627
54841 	 161.108
54842 	 162.674
54843 	 164.314
54844 	 166.079
54845 	 167.667
54846 	 169.258
54847 	 170.274
54848 	 171.334
54849 	 172.986
54850 	 174.813
54851 	 176.995
54852 	 179.481
54853 	 181.845
54854 	 184.158
54855 	 186.637
54856 	 189.303
54857 	 192.2
54858 	 194.761
54859 	 197.442
54860 	 199.983
54861 	 202.552
54862 	 205.27
54863 	 207.977
54864 	 210.579
54865 	 213.476
54866 	 216.931
54867 	 220.683
54868 	 224.388
54869 	 227.982
54870 	 231.397
54871 	 234.389
54872 	 237.102
54873 	 240.305
54874 	 244.048
54875 	 247.667
54876 	 251.166
54877 	 254.898
54878 	 258.718
54879 	 262.126
54880 	 265.062
54881 	 267.951
54882 	 270.385
54883 	 273.001
54884 	 275.728
54885 	 278.61
54886 	 282.072
54887 	 285.628
54888 	 288.921
54889 	 292.5
54890 	 296.149
54891 	 299.816
54892 	 303.239
54893 	 306.323
54894 	 309.596
54895 	 313.184
54896 	 316.8
54897 	 320.693
54898 	 324.577
54899 	 328.792
54900 	 332.929
54901 	 336.777
54902 	 340.618
54903 	 343.855
54904 	 346.694
54905 	 350.105
54906 	 353.263
54907 	 356.563
54908 	 359.846
54909 	 363.323
54910 	 366.791
54911 	 370.09
54912 	 373.6
54913 	 376.806
54914 	 380.424
54915 	 384.307
54916 	 387.919
54917 	 391.56
54918 	 394.921
54919 	 398.157
54920 	 400.813
54921 	 403.551
54922 	 405.905
54923 	 408.306
54924 	 410.914
54925 	 413.639
54926 	 416.387
54927 	 419.49
54928 	 423.079
54929 	 426.127
54930 	 428.841
54931 	 431.639
54932 	 434.601
54933 	 437.083
54934 	 439.492
54935 	 442.381
54936 	 445.592
54937 	 449.126
54938 	 452.444
54939 	 455.384
54940 	 458.188
54941 	 460.829
54942 	 463.474
54943 	 466.323
54944 	 469.242
54945 	 471.6
54946 	 473.811
54947 	 476.103
54948 	 478.033
54949 	 480.077
54950 	 482.263
54951 	 484.34
54952 	 486.436
54953 	 488.649
54954 	 490.447
54955 	 492.383
54956 	 494.27
54957 	 495.821
54958 	 497.63
54959 	 499.717
54960 	 502.086
54961 	 504.356
54962 	 506.097
54963 	 507.812
54964 	 509.829
54965 	 511.814
54966 	 513.842
54967 	 515.407
54968 	 516.863
54969 	 518.503
54970 	 520.179
54971 	 521.636
54972 	 522.674
54973 	 524.0
54974 	 525.282
54975 	 526.213
54976 	 527.455
54977 	 528.772
54978 	 530.093
54979 	 531.562
54980 	 532.723
54981 	 533.386
54982 	 533.71
54983 	 533.557
54984 	 533.661
54985 	 534.331
54986 	 535.168
54987 	 536.517
54988 	 537.832
54989 	 538.817
54990 	 539.49
54991 	 540.076
54992 	 540.5
54993 	 540.336
54994 	 540.513
54995 	 541.041
54996 	 541.533
54997 	 541.868
54998 	 541.835
54999 	 541.738
55000 	 541.16
55001 	 540.64
55002 	 540.459
55003 	 540.346
55004 	 539.8
55005 	 539.081
55006 	 538.398
55007 	 537.946
55008 	 537.547
55009 	 537.266
55010 	 536.685
55011 	 535.923
55012 	 534.727
55013 	 533.629
55014 	 532.541
55015 	 531.559
55016 	 531.01
55017 	 530.369
55018 	 529.582
55019 	 528.726
55020 	 527.633
55021 	 526.706
55022 	 525.691
55023 	 524.901
55024 	 524.146
55025 	 523.402
55026 	 522.299
55027 	 521.192
55028 	 520.062
55029 	 518.871
55030 	 518.315
55031 	 517.323
55032 	 515.938
55033 	 514.816
55034 	 513.584
55035 	 512.213
55036 	 510.605
55037 	 508.76
55038 	 506.869
55039 	 504.791
55040 	 502.761
55041 	 500.224
55042 	 497.833
55043 	 495.528
55044 	 492.945
55045 	 490.333
55046 	 487.611
55047 	 485.014
55048 	 482.357
55049 	 479.942
55050 	 477.546
55051 	 475.321
55052 	 473.157
55053 	 470.745
55054 	 468.255
55055 	 465.657
55056 	 463.301
55057 	 461.304
55058 	 459.166
55059 	 456.832
55060 	 454.374
55061 	 451.996
55062 	 449.604
55063 	 447.091
55064 	 444.729
55065 	 442.483
55066 	 440.347
55067 	 438.033
55068 	 435.819
55069 	 433.536
55070 	 431.15
55071 	 428.723
55072 	 426.184
55073 	 423.541
55074 	 420.804
55075 	 417.989
55076 	 414.848
55077 	 411.674
55078 	 408.799
55079 	 406.234
55080 	 403.56
55081 	 400.585
55082 	 397.412
55083 	 394.458
55084 	 391.728
55085 	 388.953
55086 	 385.881
55087 	 382.726
55088 	 379.702
55089 	 376.507
55090 	 373.617
55091 	 370.978
55092 	 368.374
55093 	 365.77
55094 	 363.251
55095 	 360.496
55096 	 357.589
55097 	 354.481
55098 	 351.315
55099 	 347.937
55100 	 344.976
55101 	 341.92
55102 	 338.911
55103 	 336.61
55104 	 334.095
55105 	 331.312
55106 	 328.337
55107 	 325.574
55108 	 322.932
55109 	 320.289
55110 	 317.818
55111 	 315.482
55112 	 313.337
55113 	 310.889
55114 	 308.471
55115 	 305.901
55116 	 303.593
55117 	 301.36
55118 	 299.122
55119 	 296.18
55120 	 293.014
55121 	 290.456
55122 	 287.899
55123 	 285.474
55124 	 283.378
55125 	 281.484
55126 	 279.272
55127 	 276.618
55128 	 273.872
55129 	 270.977
55130 	 268.748
55131 	 266.564
55132 	 264.237
55133 	 262.142
55134 	 259.751
55135 	 257.566
55136 	 255.61
55137 	 253.323
55138 	 251.564
55139 	 250.071
55140 	 248.273
55141 	 246.261
55142 	 243.72
55143 	 241.047
55144 	 238.583
55145 	 236.357
55146 	 234.314
55147 	 232.202
55148 	 230.182
55149 	 228.293
55150 	 226.602
55151 	 225.091
55152 	 223.697
55153 	 222.322
55154 	 220.883
55155 	 219.37
55156 	 218.019
55157 	 216.733
55158 	 215.26
55159 	 213.911
55160 	 212.772
55161 	 212.388
55162 	 211.921
55163 	 211.007
55164 	 210.046
55165 	 209.447
55166 	 208.746
55167 	 207.659
55168 	 206.19
55169 	 204.712
55170 	 203.238
55171 	 202.071
55172 	 201.213
55173 	 200.516
55174 	 199.624
55175 	 198.535
55176 	 197.641
55177 	 196.693
55178 	 196.109
55179 	 195.907
55180 	 195.621
55181 	 195.125
55182 	 194.628
55183 	 193.947
55184 	 193.607
55185 	 193.599
55186 	 193.569
55187 	 193.217
55188 	 192.921
55189 	 192.466
55190 	 192.027
55191 	 191.808
55192 	 191.754
55193 	 191.804
55194 	 191.849
55195 	 191.953
55196 	 192.256
55197 	 192.853
55198 	 193.232
55199 	 193.107
55200 	 193.416
55201 	 193.734
55202 	 194.098
55203 	 194.269
55204 	 194.426
55205 	 194.511
55206 	 194.387
55207 	 194.278
55208 	 194.324
55209 	 194.517
55210 	 194.893
55211 	 195.238
55212 	 195.599
55213 	 195.75
55214 	 195.96
55215 	 196.133
55216 	 196.42
55217 	 196.82
55218 	 197.121
55219 	 197.134
55220 	 197.335
55221 	 197.977
55222 	 198.52
55223 	 199.214
55224 	 200.275
55225 	 201.814
55226 	 204.049
55227 	 206.378
55228 	 208.043
55229 	 209.258
55230 	 210.335
55231 	 211.885
55232 	 212.814
55233 	 213.375
55234 	 214.073
55235 	 214.986
55236 	 216.197
55237 	 217.817
55238 	 219.448
55239 	 221.0
55240 	 222.534
55241 	 224.372
55242 	 226.266
55243 	 228.566
55244 	 230.866
55245 	 232.95
55246 	 235.189
55247 	 237.302
55248 	 239.204
55249 	 240.849
55250 	 242.535
55251 	 244.473
55252 	 246.623
55253 	 248.672
55254 	 251.034
55255 	 253.426
55256 	 255.573
55257 	 257.681
55258 	 259.831
55259 	 261.873
55260 	 263.895
55261 	 265.98
55262 	 267.733
55263 	 269.473
55264 	 270.984
55265 	 272.436
55266 	 273.92
55267 	 275.671
55268 	 277.615
55269 	 280.085
55270 	 282.755
55271 	 285.445
55272 	 287.74
55273 	 289.689
55274 	 291.129
55275 	 292.448
55276 	 294.069
55277 	 296.033
55278 	 298.235
55279 	 300.796
55280 	 303.63
55281 	 306.201
55282 	 308.245
55283 	 310.476
55284 	 312.672
55285 	 314.898
55286 	 316.812
55287 	 319.193
55288 	 321.989
55289 	 324.63
55290 	 327.306
55291 	 329.523
55292 	 331.312
55293 	 332.862
55294 	 334.856
55295 	 337.157
55296 	 339.617
55297 	 342.212
55298 	 345.076
55299 	 348.0
55300 	 350.761
55301 	 353.118
55302 	 355.249
55303 	 357.459
55304 	 359.669
55305 	 362.003
55306 	 364.624
55307 	 366.961
55308 	 369.356
55309 	 371.843
55310 	 374.067
55311 	 376.327
55312 	 378.538
55313 	 380.923
55314 	 383.514
55315 	 385.501
55316 	 387.503
55317 	 389.509
55318 	 391.382
55319 	 393.385
55320 	 395.353
55321 	 397.344
55322 	 399.772
55323 	 402.354
55324 	 405.199
55325 	 408.089
55326 	 410.657
55327 	 413.079
55328 	 415.356
55329 	 417.503
55330 	 419.467
55331 	 421.518
55332 	 423.44
55333 	 425.006
55334 	 426.278
55335 	 427.724
55336 	 429.567
55337 	 431.436
55338 	 433.377
55339 	 435.488
55340 	 437.537
55341 	 439.605
55342 	 441.688
55343 	 443.778
55344 	 445.4
55345 	 446.661
55346 	 448.075
55347 	 450.033
55348 	 451.898
55349 	 453.634
55350 	 454.992
55351 	 456.439
55352 	 457.752
55353 	 459.267
55354 	 461.092
55355 	 462.649
55356 	 464.221
55357 	 466.07
55358 	 467.682
55359 	 469.277
55360 	 470.844
55361 	 472.344
55362 	 473.411
55363 	 474.39
55364 	 475.366
55365 	 476.434
55366 	 477.589
55367 	 478.547
55368 	 478.811
55369 	 478.909
55370 	 478.81
55371 	 479.052
55372 	 479.675
55373 	 480.396
55374 	 481.227
55375 	 481.943
55376 	 482.481
55377 	 482.884
55378 	 483.121
55379 	 483.582
55380 	 483.884
55381 	 484.031
55382 	 484.068
55383 	 484.044
55384 	 484.349
55385 	 484.272
55386 	 484.011
55387 	 483.899
55388 	 483.796
55389 	 483.718
55390 	 483.728
55391 	 483.75
55392 	 483.838
55393 	 483.413
55394 	 482.891
55395 	 481.735
55396 	 480.563
55397 	 479.416
55398 	 478.594
55399 	 477.854
55400 	 477.162
55401 	 476.392
55402 	 474.996
55403 	 473.547
55404 	 472.249
55405 	 471.261
55406 	 470.462
55407 	 469.502
55408 	 467.986
55409 	 466.663
55410 	 465.484
55411 	 464.537
55412 	 463.659
55413 	 462.578
55414 	 461.308
55415 	 459.965
55416 	 458.896
55417 	 457.815
55418 	 456.708
55419 	 455.365
55420 	 454.296
55421 	 452.974
55422 	 451.457
55423 	 449.593
55424 	 447.951
55425 	 447.037
55426 	 446.014
55427 	 444.89
55428 	 443.119
55429 	 441.252
55430 	 439.196
55431 	 437.19
55432 	 435.748
55433 	 434.523
55434 	 433.293
55435 	 431.739
55436 	 429.94
55437 	 428.392
55438 	 427.105
55439 	 425.705
55440 	 424.624
55441 	 423.109
55442 	 421.266
55443 	 419.352
55444 	 417.752
55445 	 416.266
55446 	 414.439
55447 	 412.655
55448 	 410.857
55449 	 408.761
55450 	 406.584
55451 	 404.395
55452 	 402.247
55453 	 399.846
55454 	 396.984
55455 	 394.674
55456 	 392.853
55457 	 391.083
55458 	 389.452
55459 	 387.975
55460 	 386.045
55461 	 383.907
55462 	 381.778
55463 	 380.122
55464 	 378.507
55465 	 376.735
55466 	 374.902
55467 	 372.741
55468 	 370.387
55469 	 368.065
55470 	 365.784
55471 	 363.473
55472 	 360.948
55473 	 358.523
55474 	 356.204
55475 	 353.787
55476 	 351.597
55477 	 349.1
55478 	 346.542
55479 	 344.121
55480 	 341.941
55481 	 339.405
55482 	 337.18
55483 	 335.496
55484 	 333.927
55485 	 332.492
55486 	 330.797
55487 	 328.919
55488 	 326.948
55489 	 325.003
55490 	 323.025
55491 	 320.619
55492 	 318.324
55493 	 316.431
55494 	 314.946
55495 	 312.977
55496 	 310.68
55497 	 308.305
55498 	 305.988
55499 	 303.539
55500 	 301.632
55501 	 299.57
55502 	 297.248
55503 	 294.257
55504 	 291.814
55505 	 289.494
55506 	 287.268
55507 	 285.4
55508 	 283.043
55509 	 280.636
55510 	 278.714
55511 	 276.854
55512 	 275.041
55513 	 273.506
55514 	 272.302
55515 	 270.695
55516 	 268.637
55517 	 266.088
55518 	 263.486
55519 	 260.891
55520 	 258.292
55521 	 256.079
55522 	 254.145
55523 	 252.302
55524 	 250.666
55525 	 248.748
55526 	 246.924
55527 	 245.55
55528 	 244.398
55529 	 242.781
55530 	 241.042
55531 	 239.662
55532 	 238.421
55533 	 236.888
55534 	 235.407
55535 	 234.016
55536 	 232.395
55537 	 230.824
55538 	 229.456
55539 	 228.396
55540 	 227.732
55541 	 226.774
55542 	 225.763
55543 	 225.17
55544 	 224.034
55545 	 222.431
55546 	 220.751
55547 	 219.684
55548 	 218.808
55549 	 217.77
55550 	 216.698
55551 	 215.5
55552 	 214.4
55553 	 213.21
55554 	 212.273
55555 	 211.571
55556 	 210.657
55557 	 209.379
55558 	 207.774
55559 	 206.536
55560 	 205.248
55561 	 204.139
55562 	 203.165
55563 	 202.326
55564 	 201.437
55565 	 200.654
55566 	 200.388
55567 	 199.89
55568 	 199.324
55569 	 198.743
55570 	 197.677
55571 	 196.737
55572 	 196.028
55573 	 196.001
55574 	 196.138
55575 	 196.117
55576 	 195.878
55577 	 195.837
55578 	 195.543
55579 	 195.001
55580 	 194.827
55581 	 194.828
55582 	 194.739
55583 	 194.482
55584 	 194.605
55585 	 194.921
55586 	 195.582
55587 	 196.337
55588 	 197.31
55589 	 198.111
55590 	 198.614
55591 	 199.363
55592 	 199.778
55593 	 200.635
55594 	 201.48
55595 	 202.305
55596 	 202.613
55597 	 202.88
55598 	 203.345
55599 	 204.293
55600 	 205.738
55601 	 207.354
55602 	 208.674
55603 	 209.6
55604 	 210.516
55605 	 211.613
55606 	 212.398
55607 	 213.089
55608 	 214.428
55609 	 216.313
55610 	 217.912
55611 	 218.973
55612 	 220.071
55613 	 220.756
55614 	 221.295
55615 	 221.991
55616 	 222.942
55617 	 223.995
55618 	 224.742
55619 	 225.662
55620 	 226.931
55621 	 228.256
55622 	 229.385
55623 	 230.499
55624 	 231.928
55625 	 233.484
55626 	 235.548
55627 	 237.57
55628 	 238.983
55629 	 240.511
55630 	 242.297
55631 	 244.268
55632 	 246.257
55633 	 248.056
55634 	 249.734
55635 	 250.625
55636 	 251.676
55637 	 253.061
55638 	 254.441
55639 	 255.977
55640 	 257.712
55641 	 259.79
55642 	 261.866
55643 	 263.506
55644 	 265.314
55645 	 267.054
55646 	 268.992
55647 	 270.804
55648 	 272.689
55649 	 274.343
55650 	 275.789
55651 	 277.491
55652 	 279.117
55653 	 280.664
55654 	 281.94
55655 	 283.587
55656 	 285.463
55657 	 286.987
55658 	 288.653
55659 	 290.905
55660 	 293.435
55661 	 295.747
55662 	 297.661
55663 	 299.556
55664 	 301.83
55665 	 304.163
55666 	 306.682
55667 	 309.388
55668 	 311.987
55669 	 314.399
55670 	 316.39
55671 	 318.431
55672 	 320.493
55673 	 322.255
55674 	 323.974
55675 	 325.841
55676 	 327.522
55677 	 329.198
55678 	 331.315
55679 	 333.61
55680 	 336.163
55681 	 338.55
55682 	 341.157
55683 	 344.088
55684 	 346.82
55685 	 349.165
55686 	 351.288
55687 	 353.512
55688 	 355.393
55689 	 357.403
55690 	 359.025
55691 	 360.768
55692 	 362.89
55693 	 365.453
55694 	 368.222
55695 	 371.242
55696 	 374.177
55697 	 376.489
55698 	 378.039
55699 	 380.013
55700 	 381.689
55701 	 383.3
55702 	 384.828
55703 	 386.241
55704 	 387.733
55705 	 389.221
55706 	 390.859
55707 	 393.124
55708 	 395.679
55709 	 397.426
55710 	 398.983
55711 	 400.737
55712 	 402.063
55713 	 403.275
55714 	 404.459
55715 	 405.701
55716 	 407.482
55717 	 409.353
55718 	 410.795
55719 	 412.293
55720 	 414.012
55721 	 415.72
55722 	 416.882
55723 	 418.218
55724 	 419.855
55725 	 421.166
55726 	 422.235
55727 	 422.966
55728 	 423.543
55729 	 424.431
55730 	 425.416
55731 	 426.473
55732 	 427.077
55733 	 427.768
55734 	 428.453
55735 	 429.287
55736 	 430.196
55737 	 430.838
55738 	 431.514
55739 	 432.215
55740 	 433.112
55741 	 433.81
55742 	 434.694
55743 	 435.593
55744 	 436.417
55745 	 437.146
55746 	 437.878
55747 	 438.983
55748 	 440.2
55749 	 440.811
55750 	 441.385
55751 	 441.74
55752 	 442.144
55753 	 442.987
55754 	 443.892
55755 	 444.416
55756 	 444.817
55757 	 445.141
55758 	 445.594
55759 	 446.357
55760 	 447.25
55761 	 447.654
55762 	 447.905
55763 	 448.199
55764 	 448.685
55765 	 449.477
55766 	 449.831
55767 	 449.763
55768 	 449.701
55769 	 448.804
55770 	 447.335
55771 	 446.29
55772 	 445.878
55773 	 445.805
55774 	 445.717
55775 	 445.038
55776 	 444.478
55777 	 443.837
55778 	 443.253
55779 	 442.826
55780 	 442.446
55781 	 441.914
55782 	 441.196
55783 	 440.541
55784 	 440.128
55785 	 439.566
55786 	 439.093
55787 	 438.586
55788 	 437.484
55789 	 436.701
55790 	 435.983
55791 	 435.452
55792 	 434.659
55793 	 433.838
55794 	 432.82
55795 	 431.508
55796 	 430.496
55797 	 429.203
55798 	 428.122
55799 	 427.095
55800 	 426.071
55801 	 424.857
55802 	 423.557
55803 	 422.659
55804 	 421.677
55805 	 420.863
55806 	 419.869
55807 	 418.703
55808 	 417.125
55809 	 415.662
55810 	 414.389
55811 	 413.247
55812 	 411.944
55813 	 410.686
55814 	 409.406
55815 	 408.117
55816 	 406.884
55817 	 405.683
55818 	 404.619
55819 	 403.717
55820 	 402.594
55821 	 401.461
55822 	 400.283
55823 	 399.197
55824 	 397.227
55825 	 394.968
55826 	 393.003
55827 	 391.242
55828 	 389.628
55829 	 388.101
55830 	 386.351
55831 	 384.483
55832 	 382.574
55833 	 380.528
55834 	 378.744
55835 	 376.861
55836 	 375.016
55837 	 373.219
55838 	 371.297
55839 	 369.402
55840 	 367.953
55841 	 366.67
55842 	 365.41
55843 	 364.234
55844 	 362.838
55845 	 361.31
55846 	 359.944
55847 	 358.538
55848 	 356.947
55849 	 355.091
55850 	 353.072
55851 	 351.178
55852 	 349.662
55853 	 348.241
55854 	 346.968
55855 	 345.295
55856 	 343.891
55857 	 342.687
55858 	 341.74
55859 	 340.505
55860 	 338.95
55861 	 337.022
55862 	 334.997
55863 	 332.768
55864 	 330.366
55865 	 328.182
55866 	 326.374
55867 	 324.828
55868 	 323.857
55869 	 323.075
55870 	 322.0
55871 	 320.395
55872 	 318.394
55873 	 316.143
55874 	 314.212
55875 	 312.767
55876 	 311.057
55877 	 309.335
55878 	 307.528
55879 	 305.773
55880 	 304.544
55881 	 303.253
55882 	 302.333
55883 	 301.674
55884 	 300.752
55885 	 299.62
55886 	 298.742
55887 	 297.599
55888 	 296.172
55889 	 294.516
55890 	 292.651
55891 	 290.803
55892 	 289.45
55893 	 288.768
55894 	 287.937
55895 	 286.62
55896 	 285.214
55897 	 284.068
55898 	 283.256
55899 	 282.267
55900 	 281.582
55901 	 281.182
55902 	 280.633
55903 	 279.93
55904 	 279.067
55905 	 278.31
55906 	 277.862
55907 	 277.187
55908 	 276.563
55909 	 276.095
55910 	 275.471
55911 	 274.898
55912 	 274.759
55913 	 274.702
55914 	 274.528
55915 	 273.397
55916 	 272.039
55917 	 270.84
55918 	 269.699
55919 	 268.687
55920 	 268.026
55921 	 267.48
55922 	 266.829
55923 	 266.425
55924 	 265.764
55925 	 264.966
55926 	 264.241
55927 	 263.266
55928 	 262.472
55929 	 261.72
55930 	 260.62
55931 	 260.231
55932 	 260.009
55933 	 259.776
55934 	 258.961
55935 	 258.131
55936 	 257.329
55937 	 256.051
55938 	 255.039
55939 	 254.481
55940 	 254.323
55941 	 254.411
55942 	 254.583
55943 	 255.027
55944 	 254.9
55945 	 254.503
55946 	 254.164
55947 	 254.725
55948 	 254.981
55949 	 255.121
55950 	 255.694
55951 	 255.879
55952 	 256.172
55953 	 256.232
55954 	 256.3
55955 	 256.287
55956 	 256.047
55957 	 255.907
55958 	 255.597
55959 	 255.356
55960 	 254.902
55961 	 254.434
55962 	 254.113
55963 	 254.025
55964 	 254.251
55965 	 254.593
55966 	 255.08
55967 	 255.832
55968 	 256.768
55969 	 257.508
55970 	 258.176
55971 	 258.638
55972 	 259.6
55973 	 260.993
55974 	 262.02
55975 	 263.142
55976 	 264.061
55977 	 265.139
55978 	 265.748
55979 	 266.349
55980 	 267.104
55981 	 267.853
55982 	 268.959
55983 	 270.373
55984 	 271.285
55985 	 272.02
55986 	 273.043
55987 	 274.292
55988 	 275.699
55989 	 277.292
55990 	 278.255
55991 	 279.12
55992 	 280.06
55993 	 280.848
55994 	 281.482
55995 	 282.549
55996 	 283.834
55997 	 285.069
55998 	 286.39
55999 	 287.476
56000 	 288.929
56001 	 290.145
56002 	 291.356
56003 	 292.509
56004 	 293.885
56005 	 295.15
56006 	 296.051
56007 	 296.982
56008 	 298.235
56009 	 299.61
56010 	 300.954
56011 	 302.697
56012 	 304.086
56013 	 305.141
56014 	 305.806
56015 	 307.011
56016 	 308.801
56017 	 310.692
56018 	 312.804
56019 	 314.912
56020 	 316.925
56021 	 318.717
56022 	 320.328
56023 	 322.198
56024 	 324.209
56025 	 326.001
56026 	 327.893
56027 	 330.111
56028 	 332.57
56029 	 334.881
56030 	 337.193
56031 	 339.221
56032 	 341.165
56033 	 342.98
56034 	 344.961
56035 	 347.186
56036 	 349.542
56037 	 352.017
56038 	 354.239
56039 	 356.047
56040 	 358.01
56041 	 359.987
56042 	 361.845
56043 	 363.462
56044 	 364.874
56045 	 366.263
56046 	 367.488
56047 	 368.823
56048 	 369.969
56049 	 370.919
56050 	 371.909
56051 	 373.26
56052 	 374.75
56053 	 376.335
56054 	 378.068
56055 	 379.454
56056 	 380.843
56057 	 382.021
56058 	 382.766
56059 	 383.425
56060 	 384.075
56061 	 384.758
56062 	 385.645
56063 	 386.736
56064 	 387.563
56065 	 388.431
56066 	 388.972
56067 	 389.093
56068 	 389.298
56069 	 389.771
56070 	 390.555
56071 	 391.265
56072 	 391.939
56073 	 392.515
56074 	 393.199
56075 	 393.862
56076 	 394.722
56077 	 395.517
56078 	 396.001
56079 	 396.564
56080 	 397.233
56081 	 397.651
56082 	 397.921
56083 	 398.105
56084 	 398.714
56085 	 398.962
56086 	 399.542
56087 	 400.041
56088 	 400.426
56089 	 401.408
56090 	 402.544
56091 	 403.973
56092 	 404.835
56093 	 405.263
56094 	 405.469
56095 	 405.645
56096 	 405.877
56097 	 406.247
56098 	 406.832
56099 	 407.389
56100 	 408.003
56101 	 408.562
56102 	 408.545
56103 	 408.563
56104 	 408.585
56105 	 408.674
56106 	 409.048
56107 	 409.3
56108 	 409.462
56109 	 409.204
56110 	 408.988
56111 	 408.704
56112 	 408.322
56113 	 408.021
56114 	 407.534
56115 	 407.511
56116 	 407.629
56117 	 407.811
56118 	 407.867
56119 	 407.609
56120 	 407.317
56121 	 407.043
56122 	 407.159
56123 	 407.422
56124 	 407.356
56125 	 407.099
56126 	 406.901
56127 	 406.721
56128 	 406.349
56129 	 405.87
56130 	 405.186
56131 	 404.574
56132 	 404.092
56133 	 403.353
56134 	 402.572
56135 	 401.842
56136 	 401.193
56137 	 401.105
56138 	 400.775
56139 	 400.273
56140 	 399.896
56141 	 399.405
56142 	 398.871
56143 	 398.181
56144 	 397.652
56145 	 397.075
56146 	 396.373
56147 	 395.953
56148 	 395.312
56149 	 394.27
56150 	 393.449
56151 	 392.945
56152 	 392.391
56153 	 391.92
56154 	 391.505
56155 	 390.762
56156 	 390.066
56157 	 389.1
56158 	 388.01
56159 	 386.831
56160 	 385.449
56161 	 384.355
56162 	 383.089
56163 	 382.076
56164 	 380.949
56165 	 380.02
56166 	 378.883
56167 	 377.364
56168 	 375.815
56169 	 374.297
56170 	 373.141
56171 	 372.026
56172 	 370.934
56173 	 369.645
56174 	 368.435
56175 	 366.913
56176 	 365.384
56177 	 363.645
56178 	 362.282
56179 	 360.991
56180 	 359.715
56181 	 358.341
56182 	 357.292
56183 	 356.222
56184 	 355.059
56185 	 353.948
56186 	 352.886
56187 	 352.005
56188 	 350.895
56189 	 349.82
56190 	 348.315
56191 	 346.422
56192 	 344.599
56193 	 343.248
56194 	 342.118
56195 	 341.585
56196 	 341.22
56197 	 340.672
56198 	 340.005
56199 	 338.792
56200 	 336.766
56201 	 334.506
56202 	 332.881
56203 	 331.558
56204 	 330.762
56205 	 329.787
56206 	 328.555
56207 	 327.32
56208 	 326.26
56209 	 325.364
56210 	 324.124
56211 	 322.885
56212 	 322.202
56213 	 321.474
56214 	 320.617
56215 	 320.044
56216 	 319.47
56217 	 318.358
56218 	 317.269
56219 	 316.724
56220 	 316.209
56221 	 315.415
56222 	 314.47
56223 	 313.299
56224 	 312.469
56225 	 311.892
56226 	 311.575
56227 	 311.395
56228 	 311.549
56229 	 311.737
56230 	 311.375
56231 	 311.398
56232 	 311.376
56233 	 311.3
56234 	 311.223
56235 	 310.457
56236 	 309.599
56237 	 308.445
56238 	 307.675
56239 	 306.975
56240 	 306.725
56241 	 306.978
56242 	 306.697
56243 	 306.352
56244 	 305.825
56245 	 305.634
56246 	 305.463
56247 	 305.073
56248 	 304.536
56249 	 304.695
56250 	 304.591
56251 	 304.176
56252 	 303.799
56253 	 303.069
56254 	 302.293
56255 	 301.818
56256 	 301.373
56257 	 300.702
56258 	 300.386
56259 	 300.71
56260 	 300.664
56261 	 300.65
56262 	 300.293
56263 	 299.833
56264 	 299.517
56265 	 299.236
56266 	 299.591
56267 	 299.547
56268 	 299.348
56269 	 299.191
56270 	 298.402
56271 	 297.781
56272 	 297.137
56273 	 296.756
56274 	 296.462
56275 	 295.684
56276 	 294.9
56277 	 293.967
56278 	 293.472
56279 	 292.734
56280 	 291.778
56281 	 291.4
56282 	 291.172
56283 	 291.292
56284 	 290.763
56285 	 290.368
56286 	 290.255
56287 	 290.454
56288 	 290.572
56289 	 290.564
56290 	 290.251
56291 	 289.983
56292 	 289.981
56293 	 289.933
56294 	 289.986
56295 	 289.771
56296 	 289.588
56297 	 289.604
56298 	 289.674
56299 	 290.116
56300 	 290.552
56301 	 291.376
56302 	 292.248
56303 	 293.086
56304 	 293.682
56305 	 294.356
56306 	 295.183
56307 	 296.001
56308 	 296.556
56309 	 297.495
56310 	 298.48
56311 	 299.381
56312 	 300.807
56313 	 301.917
56314 	 302.844
56315 	 304.129
56316 	 305.256
56317 	 305.956
56318 	 306.582
56319 	 306.92
56320 	 307.242
56321 	 307.636
56322 	 308.184
56323 	 309.243
56324 	 310.564
56325 	 311.91
56326 	 313.623
56327 	 314.752
56328 	 315.647
56329 	 316.854
56330 	 318.577
56331 	 319.854
56332 	 320.567
56333 	 321.256
56334 	 322.147
56335 	 323.255
56336 	 324.163
56337 	 324.632
56338 	 325.158
56339 	 325.995
56340 	 326.959
56341 	 327.869
56342 	 329.206
56343 	 330.362
56344 	 331.461
56345 	 332.466
56346 	 333.495
56347 	 334.442
56348 	 335.0
56349 	 335.127
56350 	 335.809
56351 	 336.818
56352 	 338.183
56353 	 339.8
56354 	 341.317
56355 	 342.877
56356 	 344.071
56357 	 345.08
56358 	 345.739
56359 	 346.436
56360 	 347.38
56361 	 348.529
56362 	 349.952
56363 	 351.874
56364 	 354.162
56365 	 356.068
56366 	 357.486
56367 	 358.706
56368 	 359.641
56369 	 360.311
56370 	 360.712
56371 	 361.292
56372 	 362.195
56373 	 363.217
56374 	 364.449
56375 	 365.575
56376 	 366.953
56377 	 368.228
56378 	 369.493
56379 	 370.939
56380 	 372.139
56381 	 373.351
56382 	 374.47
56383 	 375.362
56384 	 376.099
56385 	 376.79
56386 	 377.42
56387 	 378.138
56388 	 378.806
56389 	 379.354
56390 	 380.033
56391 	 381.235
56392 	 382.432
56393 	 383.574
56394 	 384.312
56395 	 385.129
56396 	 385.712
56397 	 386.062
56398 	 386.438
56399 	 386.99
56400 	 387.546
56401 	 388.716
56402 	 390.006
56403 	 391.007
56404 	 392.025
56405 	 392.889
56406 	 393.425
56407 	 393.925
56408 	 394.246
56409 	 394.813
56410 	 395.283
56411 	 395.523
56412 	 396.036
56413 	 396.18
56414 	 396.898
56415 	 397.682
56416 	 398.179
56417 	 398.755
56418 	 399.258
56419 	 399.573
56420 	 399.726
56421 	 400.193
56422 	 400.536
56423 	 400.866
56424 	 401.465
56425 	 402.205
56426 	 403.293
56427 	 404.054
56428 	 404.666
56429 	 404.812
56430 	 404.978
56431 	 404.859
56432 	 404.863
56433 	 405.104
56434 	 405.815
56435 	 406.665
56436 	 407.207
56437 	 407.265
56438 	 407.252
56439 	 407.32
56440 	 407.198
56441 	 407.26
56442 	 407.13
56443 	 406.961
56444 	 406.678
56445 	 406.535
56446 	 406.443
56447 	 406.036
56448 	 405.478
56449 	 404.655
56450 	 403.825
56451 	 402.946
56452 	 402.131
56453 	 401.368
56454 	 401.117
56455 	 400.692
56456 	 400.08
56457 	 399.538
56458 	 398.951
56459 	 398.579
56460 	 398.307
56461 	 397.879
56462 	 397.933
56463 	 397.806
56464 	 397.07
56465 	 396.517
56466 	 395.972
56467 	 395.663
56468 	 395.025
56469 	 394.414
56470 	 393.82
56471 	 392.917
56472 	 392.02
56473 	 391.466
56474 	 390.858
56475 	 390.19
56476 	 389.62
56477 	 388.854
56478 	 387.628
56479 	 386.223
56480 	 384.908
56481 	 383.569
56482 	 382.258
56483 	 381.112
56484 	 380.758
56485 	 380.698
56486 	 380.151
56487 	 379.509
56488 	 378.293
56489 	 377.205
56490 	 376.293
56491 	 375.481
56492 	 374.748
56493 	 373.917
56494 	 373.202
56495 	 371.897
56496 	 370.38
56497 	 369.025
56498 	 367.973
56499 	 366.709
56500 	 365.562
56501 	 364.8
56502 	 364.067
56503 	 363.004
56504 	 361.756
56505 	 360.841
56506 	 359.964
56507 	 358.845
56508 	 357.545
56509 	 356.3
56510 	 355.281
56511 	 354.291
56512 	 353.367
56513 	 352.98
56514 	 352.127
56515 	 351.349
56516 	 350.269
56517 	 348.967
56518 	 347.824
56519 	 346.434
56520 	 345.207
56521 	 343.951
56522 	 342.947
56523 	 341.957
56524 	 340.806
56525 	 339.452
56526 	 337.878
56527 	 336.508
56528 	 334.993
56529 	 333.637
56530 	 332.253
56531 	 330.771
56532 	 329.438
56533 	 328.306
56534 	 327.165
56535 	 325.783
56536 	 324.121
56537 	 322.697
56538 	 321.433
56539 	 320.516
56540 	 319.55
56541 	 318.39
56542 	 317.379
56543 	 316.433
56544 	 315.37
56545 	 314.234
56546 	 312.849
56547 	 311.536
56548 	 310.005
56549 	 308.473
56550 	 306.927
56551 	 305.952
56552 	 305.543
56553 	 305.444
56554 	 304.869
56555 	 304.021
56556 	 303.256
56557 	 302.433
56558 	 301.494
56559 	 300.37
56560 	 299.644
56561 	 298.888
56562 	 297.982
56563 	 297.333
56564 	 296.309
56565 	 295.206
56566 	 294.189
56567 	 292.934
56568 	 292.066
56569 	 291.082
56570 	 290.177
56571 	 289.609
56572 	 289.183
56573 	 288.197
56574 	 287.321
56575 	 286.79
56576 	 286.134
56577 	 285.305
56578 	 284.844
56579 	 284.597
56580 	 284.08
56581 	 283.825
56582 	 283.66
56583 	 283.441
56584 	 283.204
56585 	 282.693
56586 	 282.555
56587 	 282.351
56588 	 282.289
56589 	 282.593
56590 	 282.712
56591 	 282.561
56592 	 282.369
56593 	 282.949
56594 	 283.739
56595 	 284.185
56596 	 284.274
56597 	 284.27
56598 	 284.387
56599 	 284.789
56600 	 284.933
56601 	 285.518
56602 	 285.857
56603 	 286.2
56604 	 286.77
56605 	 286.728
56606 	 286.187
56607 	 285.825
56608 	 285.258
56609 	 284.979
56610 	 284.963
56611 	 285.17
56612 	 285.503
56613 	 285.991
56614 	 286.858
56615 	 287.651
56616 	 288.233
56617 	 288.815
56618 	 289.229
56619 	 289.535
56620 	 290.238
56621 	 290.747
56622 	 291.623
56623 	 292.239
56624 	 292.856
56625 	 293.396
56626 	 293.803
56627 	 294.2
56628 	 294.924
56629 	 295.668
56630 	 296.444
56631 	 297.418
56632 	 298.691
56633 	 300.509
56634 	 301.651
56635 	 302.57
56636 	 303.912
56637 	 305.244
56638 	 306.338
56639 	 307.369
56640 	 308.392
56641 	 308.78
56642 	 308.627
56643 	 308.124
56644 	 308.089
56645 	 308.191
56646 	 308.707
56647 	 309.134
56648 	 309.786
56649 	 310.487
56650 	 311.211
56651 	 312.389
56652 	 313.465
56653 	 314.925
56654 	 316.045
56655 	 316.906
56656 	 317.719
56657 	 318.303
56658 	 318.929
56659 	 319.622
56660 	 320.458
56661 	 320.811
56662 	 321.223
56663 	 321.908
56664 	 322.84
56665 	 323.974
56666 	 324.984
56667 	 326.468
56668 	 327.905
56669 	 328.991
56670 	 330.037
56671 	 330.675
56672 	 331.788
56673 	 332.652
56674 	 333.747
56675 	 335.129
56676 	 336.444
56677 	 337.475
56678 	 338.291
56679 	 339.04
56680 	 339.986
56681 	 340.785
56682 	 341.404
56683 	 341.819
56684 	 342.557
56685 	 343.913
56686 	 345.557
56687 	 347.002
56688 	 348.034
56689 	 348.846
56690 	 349.533
56691 	 350.124
56692 	 351.002
56693 	 352.351
56694 	 353.748
56695 	 355.359
56696 	 356.729
56697 	 358.211
56698 	 359.803
56699 	 361.819
56700 	 363.777
56701 	 365.441
56702 	 367.134
56703 	 368.685
56704 	 370.446
56705 	 372.215
56706 	 373.461
56707 	 374.879
56708 	 376.167
56709 	 377.408
56710 	 378.564
56711 	 380.002
56712 	 381.457
56713 	 382.823
56714 	 383.668
56715 	 384.182
56716 	 385.242
56717 	 386.589
56718 	 387.918
56719 	 389.451
56720 	 390.971
56721 	 392.074
56722 	 393.01
56723 	 394.045
56724 	 395.14
56725 	 396.188
56726 	 396.953
56727 	 398.041
56728 	 399.147
56729 	 400.258
56730 	 401.268
56731 	 402.454
56732 	 403.738
56733 	 405.052
56734 	 405.66
56735 	 406.02
56736 	 406.476
56737 	 407.082
56738 	 408.42
56739 	 409.838
56740 	 411.323
56741 	 412.702
56742 	 414.229
56743 	 415.246
56744 	 416.007
56745 	 416.886
56746 	 418.056
56747 	 419.49
56748 	 420.985
56749 	 422.571
56750 	 423.93
56751 	 425.019
56752 	 425.769
56753 	 426.367
56754 	 426.425
56755 	 427.191
56756 	 428.28
56757 	 429.119
56758 	 429.894
56759 	 430.571
56760 	 430.856
56761 	 431.16
56762 	 432.092
56763 	 432.755
56764 	 433.316
56765 	 434.438
56766 	 435.938
56767 	 436.953
56768 	 437.984
56769 	 438.706
56770 	 439.403
56771 	 439.919
56772 	 440.457
56773 	 441.033
56774 	 441.789
56775 	 442.413
56776 	 442.691
56777 	 442.797
56778 	 443.171
56779 	 443.594
56780 	 444.023
56781 	 444.603
56782 	 444.896
56783 	 445.015
56784 	 445.5
56785 	 446.179
56786 	 446.838
56787 	 446.928
56788 	 446.752
56789 	 446.663
56790 	 447.033
56791 	 447.593
56792 	 447.965
56793 	 448.091
56794 	 448.095
56795 	 448.053
56796 	 447.827
56797 	 447.596
56798 	 447.681
56799 	 448.09
56800 	 448.32
56801 	 448.153
56802 	 447.752
56803 	 447.032
56804 	 446.337
56805 	 445.45
56806 	 444.989
56807 	 444.196
56808 	 443.582
56809 	 442.969
56810 	 441.989
56811 	 440.971
56812 	 439.732
56813 	 438.871
56814 	 437.899
56815 	 437.426
56816 	 436.641
56817 	 435.91
56818 	 435.31
56819 	 434.788
56820 	 434.331
56821 	 433.571
56822 	 432.747
56823 	 431.594
56824 	 430.675
56825 	 430.018
56826 	 429.526
56827 	 428.948
56828 	 428.208
56829 	 427.331
56830 	 426.296
56831 	 425.165
56832 	 423.924
56833 	 422.622
56834 	 421.486
56835 	 420.25
56836 	 419.125
56837 	 417.887
56838 	 416.506
56839 	 414.989
56840 	 413.813
56841 	 412.782
56842 	 411.74
56843 	 410.98
56844 	 409.901
56845 	 408.784
56846 	 407.721
56847 	 406.816
56848 	 405.922
56849 	 404.805
56850 	 403.719
56851 	 402.777
56852 	 401.754
56853 	 400.753
56854 	 399.306
56855 	 397.938
56856 	 396.284
56857 	 394.576
56858 	 393.167
56859 	 391.877
56860 	 391.088
56861 	 390.086
56862 	 389.317
56863 	 388.196
56864 	 387.104
56865 	 385.974
56866 	 384.988
56867 	 384.04
56868 	 382.977
56869 	 381.798
56870 	 380.267
56871 	 379.105
56872 	 377.704
56873 	 376.172
56874 	 374.548
56875 	 373.207
56876 	 372.224
56877 	 371.26
56878 	 370.155
56879 	 369.115
56880 	 368.324
56881 	 367.63
56882 	 366.93
56883 	 366.107
56884 	 364.934
56885 	 363.552
56886 	 362.144
56887 	 360.801
56888 	 359.346
56889 	 357.813
56890 	 356.18
56891 	 354.452
56892 	 352.597
56893 	 350.709
56894 	 348.871
56895 	 347.009
56896 	 345.043
56897 	 342.82
56898 	 340.884
56899 	 339.468
56900 	 338.267
56901 	 336.935
56902 	 335.285
56903 	 333.429
56904 	 331.54
56905 	 329.83
56906 	 328.282
56907 	 326.947
56908 	 325.706
56909 	 324.129
56910 	 322.201
56911 	 319.875
56912 	 317.446
56913 	 315.46
56914 	 313.648
56915 	 312.312
56916 	 310.879
56917 	 309.57
56918 	 308.136
56919 	 306.759
56920 	 305.017
56921 	 303.322
56922 	 301.495
56923 	 299.64
56924 	 297.948
56925 	 296.445
56926 	 295.357
56927 	 294.186
56928 	 293.164
56929 	 291.906
56930 	 290.467
56931 	 288.878
56932 	 287.409
56933 	 286.375
56934 	 285.157
56935 	 283.964
56936 	 282.714
56937 	 281.171
56938 	 279.49
56939 	 277.962
56940 	 276.934
56941 	 275.719
56942 	 274.337
56943 	 272.933
56944 	 271.63
56945 	 270.65
56946 	 269.618
56947 	 268.431
56948 	 267.48
56949 	 266.45
56950 	 265.184
56951 	 264.166
56952 	 263.225
56953 	 262.643
56954 	 261.644
56955 	 260.354
56956 	 259.08
56957 	 257.796
56958 	 257.088
56959 	 256.769
56960 	 256.364
56961 	 256.104
56962 	 255.501
56963 	 254.642
56964 	 253.599
56965 	 252.992
56966 	 253.058
56967 	 253.108
56968 	 252.747
56969 	 252.135
56970 	 251.874
56971 	 251.414
56972 	 251.114
56973 	 251.036
56974 	 251.239
56975 	 251.506
56976 	 251.884
56977 	 252.139
56978 	 252.261
56979 	 252.945
56980 	 253.582
56981 	 253.797
56982 	 254.1
56983 	 254.389
56984 	 254.396
56985 	 254.044
56986 	 253.857
56987 	 253.994
56988 	 254.403
56989 	 255.298
56990 	 256.069
56991 	 256.693
56992 	 257.68
56993 	 258.8
56994 	 259.527
56995 	 259.938
56996 	 260.085
56997 	 260.898
56998 	 261.979
56999 	 262.609
57000 	 263.634
57001 	 264.334
57002 	 265.099
57003 	 266.098
57004 	 267.349
57005 	 268.371
57006 	 269.414
57007 	 270.689
57008 	 271.783
57009 	 272.214
57010 	 272.558
57011 	 273.351
57012 	 273.639
57013 	 274.006
57014 	 274.229
57015 	 274.933
57016 	 275.556
57017 	 276.368
57018 	 276.925
57019 	 277.763
57020 	 278.674
57021 	 279.581
57022 	 280.408
57023 	 280.799
57024 	 281.258
57025 	 281.599
57026 	 282.071
57027 	 282.762
57028 	 283.523
57029 	 284.514
57030 	 285.522
57031 	 286.03
57032 	 286.657
57033 	 287.832
57034 	 288.833
57035 	 289.837
