"data.txt"
""
""
0                       0.956912553610548        
0.1                     0.503108385253478        
0.2                     -0.447448352277808       
0.3                     -1.01545408111483        
0.4                     -0.673365058960882       
0.5                     0.269538205898394        
0.6                     0.951462872200384        
0.7                     0.750397214670708        
0.8                     -0.144045145199042       
0.9                     -0.904981053035107       
1                       -0.828511697754607       
1.1                     0.0190993393587077       
1.2                     0.862336291067983        
1.3                     0.929428954143985        
1.4                     0.161910930997328        
1.5                     -0.731626475597702       
1.6                     -0.927006110386915       
1.7                     -0.24220269953619        
1.8                     0.695313715054447        
1.9                     1.02548300083905         
2                       0.446404371607571        
2.1                     -0.508081807974746       
2.2                     -0.959187746895458       
2.3                     -0.491114459464563       
2.4                     0.466681884483242        
2.5                     1.03434696902043         
2.6                     0.690578568894211        
2.7                     -0.248075493114737       
2.8                     -0.918236354405023       
2.9                     -0.70346886618663        
3                       0.198980486899568        
3.1                     0.959538512099137        
3.2                     0.879016031101209        
3.3                     0.0314415687607637       
3.4                     -0.804000373792158       
3.5                     -0.859350818742313       
3.6                     -0.0839396738613961      
3.7                     0.80902056169014         
3.8                     0.998148961492539        
3.9                     0.309057855116883        
4                       -0.62532986177828        
4.1                     -0.946702464636          
4.2                     -0.360503661782756       
4.3                     0.593236609495571        
4.4                     1.03638586081045         
4.5                     0.560042845317749        
4.6                     -0.399537041709094       
4.7                     -0.962048368207236       
4.8                     -0.612498248267506       
4.9                     0.325299780355281        
5                       0.986429112451886        
5.1                     0.760063990010871        
5.2                     -0.14894325583665        
5.3                     -0.908402006882341       
5.4                     -0.823891153675041       
5.5                     0.0228019484045598       
5.6                     0.84888939354535         
5.7                     0.89029183910446         
5.8                     0.104151652455614        
5.9                     -0.79173724986797        
6                       -0.978834546341992       
6.1                     -0.290380026147635       
6.2                     0.635327725734374        
6.3                     0.941823913398079        
