0                       0.862605146520687        
0.1                     0.412947959898275        
0.2                     -0.52992136379487        
0.3                     -1.0872707977583         
0.4                     -0.732344637574374       
0.5                     0.224634965733517        
0.6                     0.920854719016046        
0.7                     0.733284146099732        
0.8                     -0.14940060710673        
0.9                     -0.901100487286334       
1                       -0.818488663071413       
1.1                     0.0318520984541462       
1.2                     0.874359063758093        
1.3                     0.937484098344036        
1.4                     0.16322666589943         
1.5                     -0.739157168492646       
1.6                     -0.944687077370639       
1.7                     -0.270466961495602       
1.8                     0.656896748113374        
1.9                     0.978127779196299        
2                       0.391965426956188        
2.1                     -0.56730378144239        
2.2                     -1.02067193668569        
2.3                     -0.552357564926036       
2.4                     0.407937689938838        
2.5                     0.979915851316879        
2.6                     0.641679833888933        
2.7                     -0.290908784147536       
2.8                     -0.955181607891392       
2.9                     -0.735369765186285       
3                       0.170721671130222        
3.1                     0.933121485636102        
3.2                     0.852440562576581        
3.3                     0.00272438111474722      
3.4                     -0.836610298830649       
3.5                     -0.897178775664068       
3.6                     -0.127731908675029       
3.7                     0.759195325552987        
3.8                     0.942933351551978        
3.9                     0.249771046658551        
4                       -0.686793372543523       
4.1                     -1.00803226922193        
4.2                     -0.419177445604628       
4.3                     0.539722225797767        
4.4                     0.990278048260471        
4.5                     0.523110128799112        
4.6                     -0.426192118646929       
4.7                     -0.978123996529114       
4.8                     -0.618562390163815       
4.9                     0.327813670821389        
5                       0.995301031453989        
5.1                     0.772435900724324        
5.2                     -0.136360482252665       
5.3                     -0.899079541607188       
5.4                     -0.821211185254428       
5.5                     0.0158169464008169       
5.6                     0.829824576268163        
5.7                     0.857544211150647        
5.8                     0.0570731521050478       
5.9                     -0.852770318727328       
6                       -1.05243223749027        
6.1                     -0.374229539323916       
6.2                     0.544297899044931        
6.3                     0.847219276583414        
